1
решение 983.8984375 328.5 1099.3671875 363.5 
Испании 1115.8515625 328.5 1231.3203125 363.5 
2 
о 893.1796875 363.5 909.6796875 398.5 
введении 926.1640625 363.5 1058.125 398.5 
карантина 1074.6171875 363.5 1223.0703125 398.5 
3
не 926.171875 195 959.1640625 230 
вернулись 975.65625 195 1124.109375 230 
4
для 18.9921875 468.5 68.4765625 503.5 
посещения 84.96875 468.5 233.421875 503.5 
Даунинг-стрит, 249.90625 468.5 480.828125 503.5 
5
защищал 645.765625 398.5 761.234375 433.5 
6
проведена 546.8046875 363.5 695.2578125 398.5 
оценка 711.75 363.5 810.71875 398.5 
как 1355.0234375 363.5 1404.5078125 398.5 
можно 596.2890625 398.5 678.765625 433.5 
быстрее». 695.25 398.5 843.703125 433.5 
7
за 736.4921875 160 769.484375 195 
это», 785.96875 160 868.4453125 195 
8
локальных 208.671875 265 357.125 300 
международных 439.59375 265 654.0234375 300 
отношений 670.5078125 265 818.9609375 300 
где, 439.59375 300 505.5703125 335 
9
вторая 340.6328125 230 439.6015625 265 
волна 456.0859375 230 538.5625 265 
здесь, 555.0546875 230 654.0234375 265 
10
Министра 175.6875 160 307.640625 195 
отправили 917.921875 160 1066.375 195 
на 1082.859375 160 1115.859375 195 
карантин 1132.34375 160 1264.3046875 195 
