1
проблемы 752.984375 363.5 884.9453125 398.5 
с 901.4296875 363.5 917.9296875 398.5 
ним, 934.421875 363.5 1000.3984375 398.5 
объяснила 1049.875 363.5 1198.328125 398.5 
2
деле 1322.03125 230 1388.015625 265 
искоренения 43.734375 265 225.171875 300 
государственным 472.578125 300 720 335 
обвинением 736.484375 300 901.4296875 335 
этой 950.90625 300 1016.890625 335 
связи. 1033.3828125 300 1132.3515625 335 
3
разбили 307.640625 363.5 423.1015625 398.5 
нанесли 538.5546875 363.5 654.0234375 398.5 
отделение 1008.640625 398.5 1157.09375 433.5 
в 1173.578125 398.5 1190.078125 433.5 
Окленде 1206.5703125 398.5 1322.03125 433.5 
4
следят 175.6875 195 274.6640625 230 
за 291.1484375 195 324.140625 230 
прозрачностью 340.6328125 195 555.0625 230 
далеко 596.2890625 230 695.2578125 265 
5
попаданий. 637.5234375 300 802.46875 335 
6
в 406.609375 398.5 423.109375 433.5 
связи 439.59375 398.5 522.0703125 433.5 
с 538.5625 398.5 555.0625 433.5 
7
удерживает 241.6640625 195 406.609375 230 
работников, 423.1015625 195 604.5390625 230 
занятых 621.03125 195 736.4921875 230 
по 752.984375 195 785.9765625 230 
сокращенным 802.4609375 195 983.90625 230 
часам 1000.390625 195 1082.8671875 230 
и 1099.359375 195 1115.859375 230 
заработной 1132.34375 195 1297.296875 230 
плате, 1313.78125 195 1412.75 230 
некоторую 720 230 868.453125 265 
8
дальнейший 1148.8359375 230 1313.7890625 265 
которая 357.125 265 472.5859375 300 
которой 1115.8515625 265 1231.3203125 300 
ее 860.1953125 300 893.1875 335 
9
человеческий 785.96875 398.5 983.90625 433.5 
род. 1000.390625 398.5 1066.375 433.5 
10
решении 893.1875 230 1008.6484375 265 
несколько 522.0625 265 670.515625 300 
в 860.1953125 230 876.6953125 265 
как 1066.3671875 265 1115.859375 300 
начать 1132.34375 265 1231.3203125 300 
