1
унесла 588.046875 293.5 687.015625 328.5 
жизни 703.5 293.5 785.9765625 328.5 
2
от 464.3359375 398.5 497.328125 433.5 
3
обновления 472.5859375 230 637.53125 265 
4
заболевших 893.1796875 398.5 1058.125 433.5 
до 662.2578125 468.5 695.2578125 503.5 
четырех 711.7421875 468.5 827.2109375 503.5 
5
погибших 1173.578125 363.5 1305.5390625 398.5 
6
выявлен. 1124.1015625 328.5 1256.0625 363.5 
7
продавцов 588.0390625 230 736.4921875 265 
зараженных 752.984375 230 917.9296875 265 
продуктов. 934.421875 230 1099.3671875 265 
8
инфекция, 1173.578125 195 1322.03125 230 
следовала 291.1484375 230 439.6015625 265 
9
инфекций, 670.515625 433.5 818.96875 468.5 
10
между 563.3046875 433.5 645.78125 468.5 
шестью 662.265625 433.5 761.234375 468.5 
часами 777.7265625 433.5 876.6953125 468.5 
и 893.1875 433.5 909.6875 468.5 
шестью 926.171875 433.5 1025.140625 468.5 
днями 1041.6328125 433.5 1124.109375 468.5 
