1
в 719.9921875 293.5 736.4921875 328.5 
своей 752.9765625 293.5 835.453125 328.5 
линии 851.9453125 293.5 934.421875 328.5 
работы. 950.90625 293.5 1066.375 328.5 
2
разочароваться. 1082.859375 160 1330.28125 195 
3
коленного 1231.3125 363.5 1379.765625 398.5 
сустава, 241.6640625 398.5 373.6171875 433.5 
4
Ошибка 513.8203125 293.5 612.7890625 328.5 
5
Страховка 76.7265625 293.5 225.1796875 328.5 
6 
обращаемся 546.8046875 160 711.7578125 195 
с 728.2421875 160 744.7421875 195 
апелляцией. 761.234375 160 942.671875 195 
7
нет. 835.453125 293.5 901.4375 328.5 
8
третьей 720 160 835.4609375 195 
стороне. 851.953125 160 983.90625 195 
9
представляем 142.6953125 160 340.6328125 195 
10
включили 159.1953125 363.5 291.1484375 398.5 
за 802.4609375 363.5 835.4609375 398.5 
пределами 851.9453125 363.5 1000.3984375 398.5 
нашей 1016.890625 363.5 1099.3671875 398.5 
программы 1115.8515625 363.5 1264.3046875 398.5 
