1
ударили 588.0390625 160 703.5078125 195 
нас 719.9921875 160 769.484375 195 
в 785.96875 160 802.46875 195 
ответ 818.9609375 160 901.4375 195 
2 
не 851.9453125 160 884.9453125 195 
необходимо». 901.4296875 160 1099.3671875 195 
3
переворачивает 423.09375 293.5 654.0234375 328.5 
свое 670.5078125 293.5 736.4921875 328.5 
дерьмо 752.9765625 293.5 851.953125 328.5 
«Отлично! 1049.875 293.5 1198.328125 328.5 
4
чертовски 233.4140625 363.5 381.8671875 398.5 
говорить 398.3515625 363.5 530.3125 398.5 
5 
нет. 761.2265625 160 827.2109375 195 
6
прикручен. 744.734375 293.5 909.6796875 328.5 
7
вариантов 662.2578125 293.5 810.7109375 328.5 
8 
ненавидится 761.2265625 195 942.671875 230 
9
должны 258.15625 160 357.125 195 
10
Не 637.5234375 293.5 670.515625 328.5 
сейчас. 687 293.5 802.46875 328.5 
