1
Шапка 480.828125 293.5 563.3046875 328.5 
парасоль 612.78125 293.5 744.734375 328.5 
насторожить! 761.2265625 293.5 959.1640625 328.5 
2
фильма 225.171875 195 324.140625 230 
Феллоуса 439.59375 230 571.5546875 265 
телеканале 596.2890625 265 761.234375 300 
3
вновь 357.125 503.5 439.6015625 538.5 
обществом 703.5 503.5 851.953125 538.5 
старых 868.4375 503.5 967.4140625 538.5 
денег. 983.8984375 503.5 1082.8671875 538.5 
4
среди 555.0546875 398.5 637.53125 433.5 
многих 654.015625 398.5 752.984375 433.5 
других. 769.4765625 398.5 884.9375 433.5 
5
веселье 612.78125 160 728.2421875 195 
на 744.734375 160 777.7265625 195 
зиму, 794.2109375 160 876.6875 195 
6
пышными, 818.9609375 433.5 950.921875 468.5 
среди 167.4375 468.5 249.9140625 503.5 
восхода 1305.53125 468.5 1421 503.5 
7
начинает 497.3203125 160 629.28125 195 
транслироваться 645.7734375 160 893.1875 195 
8
жалуется 282.8984375 328.5 414.859375 363.5 
9
после 588.0390625 195 670.515625 230 
обращения 687.0078125 195 835.4609375 230 
к 851.9453125 195 868.4453125 230 
смертоносным 884.9375 195 1082.875 230 
торнадо, 1099.359375 195 1231.3203125 230 
10 
все 489.0703125 160 538.5625 195 
более 555.046875 160 637.5234375 195 
интенсивно, 654.015625 160 835.453125 195 
