1
чтобы 423.1015625 160 505.578125 195 
не 720 160 752.9921875 195 
был 769.4765625 160 818.96875 195 
свидетелем 835.453125 160 1000.40625 195 
2
по 538.5546875 160 571.5546875 195 
работе 588.0390625 160 687.0078125 195 
3
пришли 662.265625 293.5 761.234375 328.5 
два 777.7265625 293.5 827.2109375 328.5 
парня. 843.703125 293.5 942.671875 328.5 
4
был 1256.0546875 160 1305.546875 195 
в 1322.03125 160 1338.53125 195 
неприятностях 522.0703125 195 736.5 230 
5
После 35.4921875 398.5 117.96875 433.5 
некоторого 134.453125 398.5 299.3984375 433.5 
времени, 315.890625 398.5 447.8515625 433.5 
проведенного 464.3359375 398.5 662.2734375 433.5 
в 678.7578125 398.5 695.2578125 433.5 
магазине, 711.75 398.5 860.203125 433.5 
парень 1190.078125 398.5 1289.046875 433.5 
торцевых 1289.0390625 433.5 1421 468.5 
головок 456.09375 468.5 571.5546875 503.5 
6
Затем 35.4921875 195 117.96875 230 
кассирши 678.7578125 195 810.71875 230 
прошел 447.84375 230 546.8125 265 
мимо 563.296875 230 629.28125 265 
7
это 480.828125 160 530.3125 195 
8
это 249.90625 160 299.3984375 195 
9
машине 901.4296875 230 1000.3984375 265 
для 1016.8828125 230 1066.375 265 
побега. 1082.859375 230 1198.328125 265 
10
нравилось 843.6953125 195 992.1484375 230 
