1
замечу, 546.8046875 293.5 662.265625 328.5 
видел. 926.1640625 293.5 1025.140625 328.5 
2
об 274.6484375 160 307.6484375 195 
этом 324.1328125 160 390.1171875 195 
по 538.5546875 160 571.5546875 195 
работе 588.0390625 160 687.0078125 195 
3
два 777.7265625 293.5 827.2109375 328.5 
4
неприятностях 522.0703125 195 736.5 230 
5
набор 975.65625 230 1058.1328125 265 
инструментов 1074.6171875 230 1272.5546875 265 
6
подождал, 365.375 195 513.828125 230 
были 1107.609375 195 1173.59375 230 
заняты, 1190.078125 195 1305.546875 230 
7
кассира 233.421875 293.5 348.8828125 328.5 
8
выяснилось, 373.6171875 293.5 555.0625 328.5 
что 571.546875 293.5 621.0390625 328.5 
это 637.5234375 293.5 687.015625 328.5 
не 703.5 293.5 736.4921875 328.5 
так, 752.984375 293.5 818.96875 328.5 
9
кассир 538.5546875 195 637.5234375 230 
погналась 654.015625 195 802.46875 230 
10
любят 835.453125 363.5 917.9296875 398.5 
брюки 1049.875 363.5 1132.3515625 398.5 
на 1330.28125 363.5 1363.2734375 398.5 
нем 1379.7578125 363.5 1429.25 398.5 
