1
линии 851.9453125 293.5 934.421875 328.5 
2
обязательно 390.109375 293.5 571.5546875 328.5 
и 802.4609375 293.5 818.9609375 328.5 
3
Был 60.234375 363.5 109.71875 398.5 
недавний 126.2109375 363.5 258.1640625 398.5 
пациент, 274.65625 363.5 406.6171875 398.5 
сустава, 241.6640625 398.5 373.6171875 433.5 
4
потерпел 728.2421875 160 860.203125 195 
неудачу. 876.6875 160 1008.6484375 195 
5
медицинской 893.1875 160 1074.625 195 
необходимостью. 1091.1171875 160 1338.53125 195 
6
обращаемся 546.8046875 160 711.7578125 195 
7
нет. 835.453125 293.5 901.4375 328.5 
8
с 876.6875 293.5 893.1875 328.5 
апелляцией. 909.671875 293.5 1091.1171875 328.5 
9
представляем 142.6953125 160 340.6328125 195 
10
включили 159.1953125 363.5 291.1484375 398.5 
за 802.4609375 363.5 835.4609375 398.5 
пределами 851.9453125 363.5 1000.3984375 398.5 
