1
лекарств 744.734375 293.5 876.6953125 328.5 
2
"произвольным, 843.703125 265 1074.625 300 
волей-неволей", 1091.1171875 265 1338.53125 300 
3
еще 744.4765625 335 793.96875 370 
два 810.453125 335 859.9453125 370 
других, 876.4296875 335 991.8984375 370 
4
могли 860.1953125 468.5 942.671875 503.5 
быть 959.1640625 468.5 1025.140625 503.5 
нуждаются 752.9765625 503.5 901.4296875 538.5 
5
больных 1190.0703125 433.5 1305.5390625 468.5 
вероятно, 480.828125 468.5 629.28125 503.5 
серьезного 225.171875 503.5 390.1171875 538.5 
6
реконвалесцентную 629.2734375 230 909.6796875 265 
восстановления. 777.71875 300 1025.140625 335 
7
нет», 35.234375 335 117.7109375 370 
созданию 629.0234375 335 760.9765625 370 
крупномасштабных 777.46875 335 1041.3828125 370 
лекарств. 1057.8671875 335 1206.3203125 370 
8
не 76.7265625 195 109.71875 230 
проводят 126.203125 195 258.1640625 230 
предоставляют 472.5859375 230 687.015625 265 
9
для 1132.3515625 160 1181.8359375 195 
того, 1198.328125 160 1280.8046875 195 
чтобы 1297.2890625 160 1379.765625 195 
10
бессознательные 258.15625 160 505.578125 195 
омрачить 1000.390625 160 1132.3515625 195 
