1
чтобы 423.1015625 160 505.578125 195 
отметить, 522.0703125 160 670.5234375 195 
2
коллеги 406.6015625 160 522.0703125 195 
по 538.5546875 160 571.5546875 195 
работе 588.0390625 160 687.0078125 195 
на 703.5 160 736.4921875 195 
моей 752.984375 160 818.9609375 195 
первой 835.453125 160 934.421875 195 
работе 950.9140625 160 1049.8828125 195 
3
В 497.328125 293.5 513.828125 328.5 
магазин 530.3125 293.5 645.78125 328.5 
пришли 662.265625 293.5 761.234375 328.5 
два 777.7265625 293.5 827.2109375 328.5 
парня. 843.703125 293.5 942.671875 328.5 
4
был 1256.0546875 160 1305.546875 195 
в 1322.03125 160 1338.53125 195 
неприятностях 522.0703125 195 736.5 230 
с 752.984375 195 769.484375 230 
5
После 35.4921875 398.5 117.96875 433.5 
некоторого 134.453125 398.5 299.3984375 433.5 
времени, 315.890625 398.5 447.8515625 433.5 
проведенного 464.3359375 398.5 662.2734375 433.5 
в 678.7578125 398.5 695.2578125 433.5 
магазине, 711.75 398.5 860.203125 433.5 
торцевых 1289.0390625 433.5 1421 468.5 
головок 456.09375 468.5 571.5546875 503.5 
6
были 1107.609375 195 1173.59375 230 
7
кассира 233.421875 293.5 348.8828125 328.5 
8
это 249.90625 160 299.3984375 195 
подтвердилось, 315.8828125 160 546.8046875 195 
что 563.296875 160 612.78125 195 
9
тот 1280.7890625 195 1330.28125 230 
машине 901.4296875 230 1000.3984375 265 
для 1016.8828125 230 1066.375 265 
побега. 1082.859375 230 1198.328125 265
10
парней, 579.7890625 195 695.2578125 230 
которым 711.7421875 195 827.2109375 230 
нравилось 843.6953125 195 992.1484375 230 
