1 
Шапка 480.828125 293.5 563.3046875 328.5 
парасоль 612.78125 293.5 744.734375 328.5 
насторожить! 761.2265625 293.5 959.1640625 328.5 
2
фильма 225.171875 195 324.140625 230 
3
впервые 464.328125 300 579.796875 335 
старым 860.1875 300 959.1640625 335 
денежным 975.6484375 300 1107.609375 335 
обществом. 1124.09375 300 1289.046875 335 
4
среди 555.0546875 398.5 637.53125 433.5 
многих 654.015625 398.5 752.984375 433.5 
других. 769.4765625 398.5 884.9375 433.5 
5
Хорошее 480.828125 160 596.2890625 195 
веселье 612.78125 160 728.2421875 195 
6 
пышными, 818.9609375 433.5 950.921875 468.5 
7
начинает 497.3203125 160 629.28125 195 
транслироваться 645.7734375 160 893.1875 195 
8
посетовал 274.6484375 160 423.1015625 195 
9
не 769.4765625 398.5 802.46875 433.5 
смог 818.9609375 398.5 884.9453125 433.5 
в 51.984375 433.5 68.484375 468.5 
субботу 84.96875 433.5 200.4375 468.5 
после 216.921875 433.5 299.3984375 468.5 
решения 315.890625 433.5 431.3515625 468.5 
проблемы 447.84375 433.5 579.796875 468.5 
смертельных 596.2890625 433.5 777.7265625 468.5 
торнадо, 794.21875 433.5 926.1796875 468.5 
10
все 489.0703125 160 538.5625 195 
более 555.046875 160 637.5234375 195 
интенсивно, 654.015625 160 835.453125 195 
климат 950.90625 160 1049.8828125 195 
нагревается. 1066.3671875 160 1264.3046875 195 
