1
он 1165.3359375 433.5 1198.328125 468.5 
мог 1214.8125 433.5 1264.3046875 468.5 
понять. 1280.7890625 433.5 1396.2578125 468.5 
2
смещена 736.4921875 503.5 851.953125 538.5 
против 868.4453125 503.5 967.4140625 538.5 
3
просматривает 538.5546875 195 752.984375 230 
относящиеся 1198.3203125 195 1379.765625 230 
к 1396.25 195 1412.75 230 
4 
от 1148.84375 398.5 1181.8359375 433.5 
5
мы 588.046875 398.5 621.0390625 433.5 
еще 637.5234375 398.5 687.015625 433.5 
этого 703.5 398.5 785.9765625 433.5 
не 802.46875 398.5 835.4609375 433.5 
сделали. 851.953125 398.5 983.90625 433.5 
6
состояние 109.4609375 538.5 257.9140625 573.5 
смерти 274.3984375 538.5 373.3671875 573.5 
7
смертей 59.9765625 503.5 175.4375 538.5 
домашних 1231.0546875 503.5 1363.015625 538.5 
хозяйствах 59.9765625 538.5 224.921875 573.5 
8
а 472.5859375 503.5 489.0859375 538.5 
также 505.5703125 503.5 588.046875 538.5 
9
приносим 744.734375 195 876.6953125 230 
10
как 810.7109375 433.5 860.1953125 468.5 
если 876.6875 433.5 942.671875 468.5 
бы 959.15625 433.5 992.1484375 468.5 
