1
лекарств 744.734375 293.5 876.6953125 328.5 
против 893.1875 293.5 992.15625 328.5 
2
"произвольным, 843.703125 265 1074.625 300 
программу 802.4609375 300 950.9140625 335 
Великобритании. 967.40625 300 1214.8203125 335 
3 
испытаний 398.109375 503.5 546.5625 538.5 
по 563.046875 503.5 596.046875 538.5 
выздоровлению, 612.53125 503.5 843.453125 538.5 
как 991.890625 608.5 1041.3828125 643.5 
бесполезные. 1057.8671875 608.5 1255.8046875 643.5 
4
разрешены 1041.6328125 468.5 1190.0859375 503.5 
5
выздоравливающих 365.375 230 629.28125 265 
рандомизированном 810.7109375 300 1091.1171875 335 
6
восстановления. 777.71875 300 1025.140625 335 
7
выздоравливающую 455.828125 265 719.7421875 300 
лекарств. 1057.8671875 335 1206.3203125 370 
испытания. 1222.8125 335 1387.7578125 370 
8
приводит 480.828125 398.5 612.78125 433.5 
к 629.2734375 398.5 645.7734375 433.5 
плохим 662.2578125 398.5 761.234375 433.5 
лекарствам. 777.71875 398.5 959.1640625 433.5 
9
являются 670.515625 160 802.4765625 195 
золотым 818.9609375 160 934.4296875 195 
стандартом 950.9140625 160 1115.859375 195 
для 1132.3515625 160 1181.8359375 195 
того, 1198.328125 160 1280.8046875 195 
10
омрачить 1000.390625 160 1132.3515625 195 