1
относила 975.6484375 195 1107.609375 230 
его 1124.1015625 195 1173.5859375 230 
поведение 1190.078125 195 1338.53125 230 
к 1355.015625 195 1371.515625 230 
психологическим 505.5703125 230 752.984375 265 
проблемам. 769.4765625 230 934.421875 265 
2
государственным 472.578125 300 720 335 
обвинением 736.484375 300 901.4296875 335 
3
стреляли 843.703125 195 975.6640625 230 
фейерверками 992.1484375 195 1190.0859375 230 
офицеров, 398.359375 230 546.8125 265 
4
бросая 950.9140625 195 1049.8828125 230 
5
попаданий. 637.5234375 300 802.46875 335 
6
связи 439.59375 398.5 522.0703125 433.5 
с 538.5625 398.5 555.0625 433.5
7 
занятых 621.03125 195 736.4921875 230 
по 752.984375 195 785.9765625 230 
сокращенным 802.4609375 195 983.90625 230 
часам 1000.390625 195 1082.8671875 230 
некоторую 720 230 868.453125 265 
нехватку 884.9375 230 1016.8984375 265 
8
перед 1016.890625 265 1099.3671875 300 
которой 1115.8515625 265 1231.3203125 300 
по-прежнему 1247.8046875 265 1429.25 300 
стоят 381.8671875 300 464.34375 335 
9
весь 703.5 398.5 769.4765625 433.5 
человеческий 785.96875 398.5 983.90625 433.5 
род. 1000.390625 398.5 1066.375 433.5 
10
работали 522.0625 433.5 654.0234375 468.5 
безопасно 563.3046875 503.5 711.7578125 538.5 
работать. 728.2421875 503.5 876.6953125 538.5 
