1
нас 719.9921875 160 769.484375 195 
в 785.96875 160 802.46875 195 
ответ 818.9609375 160 901.4375 195 
2
это 785.96875 160 835.4609375 195 
не 851.9453125 160 884.9453125 195 
необходимо». 901.4296875 160 1099.3671875 195 
3
переворачивает 423.09375 293.5 654.0234375 328.5 
свое 670.5078125 293.5 736.4921875 328.5 
дерьмо 752.9765625 293.5 851.953125 328.5 
4
будешь 117.953125 363.5 216.921875 398.5 
чертовски 233.4140625 363.5 381.8671875 398.5 
говорить 398.3515625 363.5 530.3125 398.5 
мне, 546.8046875 363.5 612.78125 398.5 
5
они 629.2734375 293.5 678.7578125 328.5 
этого 695.25 293.5 777.7265625 328.5 
не 794.2109375 293.5 827.2109375 328.5 
делают. 843.6953125 293.5 959.1640625 328.5 
6
И 530.3125 293.5 546.8125 328.5 
этот 563.296875 293.5 629.28125 328.5 
малыш 645.765625 293.5 728.2421875 328.5 
прикручен. 744.734375 293.5 909.6796875 328.5 
7
Другого 546.8046875 160 662.265625 195 
варианта 678.7578125 160 810.7109375 195 
нет. 827.203125 160 893.1875 195 
8
ненавидится 761.2265625 195 942.671875 230 
страховкой, 959.15625 195 1140.6015625 230 
9 
Мы 93.21875 160 126.2109375 195 
всегда 142.6953125 160 241.671875 195 
должны 258.15625 160 357.125 195 
бороться 373.6171875 160 505.578125 195 
за 522.0625 160 555.0546875 195 
это, 571.546875 160 637.53125 195 
10
Не 637.5234375 293.5 670.515625 328.5 
сейчас. 687 293.5 802.46875 328.5 
