1
относила 975.6484375 195 1107.609375 230 
его 1124.1015625 195 1173.5859375 230 
поведение 1190.078125 195 1338.53125 230 
2 
в 1289.0390625 230 1305.5390625 265 
деле 1322.03125 230 1388.015625 265 
искоренения 43.734375 265 225.171875 300 
3
распыляли 513.8203125 195 662.2734375 230 
граффити, 678.7578125 195 827.2109375 230 
4
как 530.3125 230 579.796875 265 
далеко 596.2890625 230 695.2578125 265 
они 711.75 230 761.234375 265 
могут 777.7265625 230 860.203125 265 
его 876.6875 230 926.1796875 265 
видеть. 942.6640625 230 1058.1328125 265 
5
список 1280.796875 265 1379.765625 300 
попаданий. 637.5234375 300 802.46875 335 
6
в 406.609375 398.5 423.109375 433.5 
связи 439.59375 398.5 522.0703125 433.5 
с 538.5625 398.5 555.0625 433.5 
7
некоторую 720 230 868.453125 265 
нехватку 884.9375 230 1016.8984375 265 
заработной 1033.3828125 230 1198.3359375 265 
платы. 1214.8203125 230 1313.7890625 265 
8
дальнейший 1148.8359375 230 1313.7890625 265 
урон 1330.2734375 230 1396.2578125 265 
9
человеческий 785.96875 398.5 983.90625 433.5 
род. 1000.390625 398.5 1066.375 433.5 
10
начать 1132.34375 265 1231.3203125 300 
безопасную 1247.8046875 265 1412.75 300 
работу. 662.265625 300 777.7265625 335 
