1
парасоль 612.78125 293.5 744.734375 328.5 
насторожить! 761.2265625 293.5 959.1640625 328.5 
2
Феллоуса 439.59375 230 571.5546875 265 
3
после 818.9609375 433.5 901.4375 468.5 
того, 917.9296875 433.5 1000.40625 468.5 
с 670.5078125 503.5 687.0078125 538.5 
обществом 703.5 503.5 851.953125 538.5 
старых 868.4375 503.5 967.4140625 538.5 
денег. 983.8984375 503.5 1082.8671875 538.5 
4
среди 555.0546875 398.5 637.53125 433.5 
многих 654.015625 398.5 752.984375 433.5 
других. 769.4765625 398.5 884.9375 433.5 
5
Хорошее 480.828125 160 596.2890625 195 
веселье 612.78125 160 728.2421875 195 
6
пышными, 818.9609375 433.5 950.921875 468.5 
среди 167.4375 468.5 249.9140625 503.5 
предыдущих 266.3984375 468.5 431.3515625 503.5 
работ 447.8359375 468.5 530.3125 503.5 
которой 546.8046875 468.5 662.265625 503.5 
7
«Позолоченный 183.9375 160 398.3671875 195 
век» 414.8515625 160 480.8359375 195 
начинает 497.3203125 160 629.28125 195 
транслироваться 645.7734375 160 893.1875 195 
на 909.6796875 160 942.671875 195 
HBO 959.15625 160 1008.6484375 195 
Max 1025.1328125 160 1074.625 195 
24 1091.109375 160 1124.109375 195 
января. 1140.59375 160 1256.0625 195 
8
жалуется 282.8984375 328.5 414.859375 363.5 
9
не 769.4765625 398.5 802.46875 433.5 
смог 818.9609375 398.5 884.9453125 433.5 
остановить 901.4296875 398.5 1066.375 433.5 
глобальное 1082.8671875 398.5 1247.8125 433.5 
потепление 1264.3046875 398.5 1429.25 433.5 
в 51.984375 433.5 68.484375 468.5 
субботу 84.96875 433.5 200.4375 468.5 
10
климат 950.90625 160 1049.8828125 195 
нагревается. 1066.3671875 160 1264.3046875 195 