1
«Питание 695.25 398.5 827.2109375 433.5 
отключено». 843.6953125 398.5 1025.140625 433.5 
2
eReader, 761.234375 363.5 893.1875 398.5 
3
выбрали 1132.3515625 363.5 1247.8125 398.5 
его 1264.3046875 363.5 1313.7890625 398.5 
для 1330.28125 363.5 1379.765625 398.5 
получения 596.2890625 398.5 744.7421875 433.5 
вами. 761.2265625 398.5 843.703125 433.5 
4
для 1256.0546875 363.5 1305.5390625 398.5 
коммерциализации 431.3515625 398.5 695.2578125 433.5 
5
Они 10.75 195 60.234375 230 
были 76.7265625 195 142.703125 230 
освобождены, 159.1953125 195 357.1328125 230 
чтобы 373.6171875 195 456.09375 230 
поддержать 472.5859375 195 637.53125 230 
протестующих, 654.015625 195 868.4453125 230 
6
Omicron 456.0859375 195 571.546875 230 
тестах 1165.3359375 195 1264.3046875 230 
ПЦР, 1280.7890625 195 1346.7734375 230 
7
взаимодействие 365.3671875 195 596.2890625 230 
8
они 1264.3046875 363.5 1313.7890625 398.5 
разочаровывают, 324.140625 398.5 571.5546875 433.5 
это 621.03125 398.5 670.5234375 433.5 
не 687.0078125 398.5 720 433.5 
может 736.4921875 398.5 818.96875 433.5 
быть 835.453125 398.5 901.4375 433.5 
нашей 917.9296875 398.5 1000.40625 433.5 
виной. 1016.890625 398.5 1115.859375 433.5 
9
С 18.9921875 195 35.4921875 230 
помощью 51.9765625 195 167.4453125 230 
единой 183.9296875 195 282.8984375 230 
панели 299.390625 195 398.359375 230 
мониторинга 414.8515625 195 596.2890625 230 
проверенных 769.4765625 230 950.9140625 265 
файлов 967.40625 230 1066.375 265 
10
Детективы 43.734375 398.5 192.1875 433.5 
собирают 208.671875 398.5 340.6328125 433.5 
камеры 357.1171875 398.5 456.09375 433.5 
видеонаблюдения 472.578125 398.5 720 433.5 
