1
препаратов 761.2265625 160 926.1796875 195 
от 942.6640625 160 975.65625 195 
2
полезных 893.1875 433.5 1025.140625 468.5 
лекарств 1041.6328125 433.5 1173.59375 468.5 
3
Recovery 389.859375 265 521.8203125 300 
Trial, 538.3046875 265 637.2734375 300 
бесполезными. 901.1796875 370 1115.609375 405 
4
должны 744.734375 300 843.7109375 335 
быть 860.1953125 300 926.1796875 335 
оценены. 942.6640625 300 1074.625 335 
5
методом 917.921875 503.5 1033.390625 538.5 
случайной 1049.875 503.5 1198.328125 538.5 
выборки. 1214.8203125 503.5 1346.7734375 538.5 
6
реконвалесцентную 629.2734375 230 909.6796875 265 
7
выздоравливающую 455.828125 265 719.7421875 300 
плазму 736.234375 265 835.203125 300 
лекарств. 1057.8671875 335 1206.3203125 370 
испытания. 1222.8125 335 1387.7578125 370 
8
9
являются 670.515625 160 802.4765625 195 
10
омрачить 1000.390625 160 1132.3515625 195 
суждения 1148.84375 160 1280.796875 195 
врачей. 1297.2890625 160 1412.75 195 
