1
парасоль 612.78125 293.5 744.734375 328.5 
насторожить! 761.2265625 293.5 959.1640625 328.5 
2
Премьера 76.7265625 195 208.6796875 230 
фильма 225.171875 195 324.140625 230 
«Позолоченный 340.6328125 195 555.0625 230 
век», 571.546875 195 654.0234375 230 
созданного 670.515625 195 835.4609375 230 
состоится 851.9453125 230 1000.3984375 265 
в 1016.890625 230 1033.390625 265 
следующем 1049.875 230 1198.328125 265 
месяце 1214.8203125 230 1313.7890625 265 
на 1330.28125 230 1363.2734375 265 
телеканале 596.2890625 265 761.234375 300 
HBO. 777.71875 265 843.703125 300 
3
он 942.6640625 230 975.65625 265 
рассказывает 992.140625 230 1190.078125 265 
когда 299.390625 300 381.8671875 335 
старым 860.1875 300 959.1640625 335 
денежным 975.6484375 300 1107.609375 335 
обществом. 1124.09375 300 1289.046875 335 
4
среди 555.0546875 398.5 637.53125 433.5 
многих 654.015625 398.5 752.984375 433.5 
других. 769.4765625 398.5 884.9375 433.5 
5
веселье 612.78125 160 728.2421875 195 
нет? 893.1796875 160 959.1640625 195 
6
включают 670.515625 265 802.46875 300 
7
транслироваться 645.7734375 160 893.1875 195 
8
жалуется 282.8984375 328.5 414.859375 363.5 
9
обращения 687.0078125 195 835.4609375 230 
к 851.9453125 195 868.4453125 230 
смертоносным 884.9375 195 1082.875 230 
торнадо, 1099.359375 195 1231.3203125 230 
Президент 10.75 195 159.203125 230 
США 175.6875 195 225.1796875 230 
Джо 241.6640625 195 291.15625 230 
Байден 307.640625 195 406.609375 230 
10
все 489.0703125 160 538.5625 195 
более 555.046875 160 637.5234375 195 
интенсивно, 654.015625 160 835.453125 195 
климат 950.90625 160 1049.8828125 195 
нагревается. 1066.3671875 160 1264.3046875 195 
End 28 489.5 63.5859375 511.5 
