1
лекарств 744.734375 293.5 876.6953125 328.5 
против 893.1875 293.5 992.15625 328.5 
коронавируса 1008.640625 293.5 1206.578125 328.5 
2
Глобальные 35.4921875 230 200.4375 265 
усилия 216.921875 230 315.8984375 265 
противоковидных 744.734375 230 992.15625 265 
"произвольным, 843.703125 265 1074.625 300 
3
испытаний 398.109375 503.5 546.5625 538.5 
по 563.046875 503.5 596.046875 538.5 
выздоровлению, 612.53125 503.5 843.453125 538.5 
12000 1288.7890625 503.5 1371.265625 538.5 
потенциальными 431.09375 608.5 662.015625 643.5 
спасателями 678.5 608.5 859.9453125 643.5 
4
должны 744.734375 300 843.7109375 335 
быть 860.1953125 300 926.1796875 335 
оценены. 942.6640625 300 1074.625 335 
5
ожидает 93.21875 503.5 208.6796875 538.5 
исследования 703.5 503.5 901.4375 538.5 
6
реконвалесцентную 629.2734375 230 909.6796875 265 
рандомизированы», 357.125 265 637.53125 300 
профессор 802.4609375 265 950.9140625 300 
программы 612.78125 300 761.234375 335 
восстановления. 777.71875 300 1025.140625 335 
7
лекарств. 1057.8671875 335 1206.3203125 370 
испытания. 1222.8125 335 1387.7578125 370 
Были 1346.515625 265 1412.5 300 
даны 51.734375 300 117.7109375 335 
огромные 134.203125 300 266.1640625 335 
количества, 282.6484375 300 464.09375 335 
они 513.5703125 300 563.0546875 335 
до 579.546875 300 612.5390625 335 
сих 629.0234375 300 678.515625 335 
пор 695 300 744.4921875 335 
не 760.9765625 300 793.9765625 335 
знают, 810.4609375 300 909.4296875 335 
или 1321.78125 300 1371.265625 335 
нет», 35.234375 335 117.7109375 370 
8
проводят 126.203125 195 258.1640625 230 
не 76.7265625 195 109.71875 230 
предоставляют 472.5859375 230 687.015625 265 
9
являются 670.515625 160 802.4765625 195 
того, 1198.328125 160 1280.8046875 195 
чтобы 1297.2890625 160 1379.765625 195 
10
бессознательные 258.15625 160 505.578125 195 
омрачить 1000.390625 160 1132.3515625 195 
