1
унесла 588.046875 293.5 687.015625 328.5 
жизни 703.5 293.5 785.9765625 328.5 
2
от 464.3359375 398.5 497.328125 433.5 
которой 513.8203125 398.5 629.28125 433.5 
3
обновления 472.5859375 230 637.53125 265 
вспышки 654.015625 230 769.484375 265 
4
связанные 175.6875 230 324.140625 265 
5
погибших 1173.578125 363.5 1305.5390625 398.5 
6
не 975.6484375 195 1008.640625 230 
был 1025.1328125 195 1074.6171875 230 
идентифицирован. 1091.109375 195 1355.0234375 230 
7
избегании 695.25 195 843.703125 230 
еды, 1041.625 195 1107.609375 230 
не 1256.046875 195 1289.046875 230 
назвали 1305.53125 195 1421 230 
имен 340.6328125 230 406.609375 265 
8
В 18.9921875 195 35.4921875 230 
Орегоне 51.9765625 195 167.4453125 230 
было 183.9296875 195 249.9140625 230 
зарегистрировано 266.3984375 195 530.3125 230 
больше 546.8046875 195 645.7734375 230 
всего 662.2578125 195 744.734375 230 
случаев 761.2265625 195 876.6875 230 
9
вызывает 291.1484375 433.5 423.109375 468.5 
1,35 439.59375 433.5 505.578125 468.5 
миллиона 522.0625 433.5 654.0234375 468.5 
инфекций, 670.515625 433.5 818.96875 468.5 
10
распространенными 233.4140625 195 513.8203125 230 
симптомами 530.3046875 195 695.2578125 230 
заражения 711.7421875 195 860.1953125 230 
