1
осознала, 84.96875 195 233.421875 230 
бреши, 719.9921875 230 818.96875 265 
2
смещена 736.4921875 503.5 851.953125 538.5 
3
относящиеся 1198.3203125 195 1379.765625 230 
или 1264.296875 230 1313.7890625 265 
нет. 1330.2734375 230 1396.2578125 265 
4
5
сделали. 851.953125 398.5 983.90625 433.5 
6
являются 208.421875 265 340.375 300 
массивные 43.484375 300 191.9375 335 
звезды 208.421875 300 307.390625 335 
7
домашних 1231.0546875 503.5 1363.015625 538.5 
хозяйствах 59.9765625 538.5 224.921875 573.5 
приходится 1000.140625 538.5 1165.0859375 573.5 
8
а 472.5859375 503.5 489.0859375 538.5 
а 472.5859375 503.5 489.0859375 538.5 
также 505.5703125 503.5 588.046875 538.5 
9
приносим 744.734375 195 876.6953125 230 
10
фотографированию 258.1640625 230 522.0703125 265 
как 868.4453125 230 917.9296875 265 
будто 934.421875 230 1016.8984375 265 
таким 1016.890625 265 1099.3671875 300 
образом 1115.859375 265 1231.3203125 300 
никогда 357.125 300 472.5859375 335 
не 489.078125 300 522.0703125 335 
будут 538.5546875 300 621.03125 335 
существовать 637.5234375 300 835.4609375 335 
