1
ударили 588.0390625 160 703.5078125 195 
нас 719.9921875 160 769.484375 195 
в 785.96875 160 802.46875 195 
ответ 818.9609375 160 901.4375 195 
2
Не 291.1484375 293.5 324.140625 328.5 
является 340.625 293.5 472.5859375 328.5 
необходимым 489.078125 293.5 670.515625 328.5 
3
переворачивает 423.09375 293.5 654.0234375 328.5 
свое 670.5078125 293.5 736.4921875 328.5 
дерьмо 752.9765625 293.5 851.953125 328.5 
4
чертовски 233.4140625 363.5 381.8671875 398.5 
поможет 678.7578125 398.5 794.2265625 433.5 
5
они 629.2734375 293.5 678.7578125 328.5 
этого 695.25 293.5 777.7265625 328.5 
не 794.2109375 293.5 827.2109375 328.5 
делают. 843.6953125 293.5 959.1640625 328.5 
6
малыш 645.765625 293.5 728.2421875 328.5 
прикручен. 744.734375 293.5 909.6796875 328.5 
7
Другого 546.8046875 160 662.265625 195 
варианта 678.7578125 160 810.7109375 195 
8
ненавидится 761.2265625 195 942.671875 230 
она 1338.5234375 195 1388.015625 230 
9
должны 258.15625 160 357.125 195 
10
сейчас. 687 293.5 802.46875 328.5 
