1
задача 703.5 398.5 802.46875 433.5 
за 818.953125 398.5 851.953125 433.5 
задачей, 868.4375 398.5 1000.3984375 433.5 
набор 1016.8828125 398.5 1099.359375 433.5 
данных 1115.8515625 398.5 1214.8203125 433.5 
данных 1115.8515625 398.5 1214.8203125 433.5 
за 1231.3125 398.5 1264.3046875 433.5 
набором 1280.7890625 398.5 1396.2578125 433.5 
данных, 43.734375 433.5 159.1953125 468.5 
понять. 1280.7890625 433.5 1396.2578125 468.5 
2
смещена 736.4921875 503.5 851.953125 538.5 
против 868.4453125 503.5 967.4140625 538.5 
3
просматривает 538.5546875 195 752.984375 230 
относящиеся 1198.3203125 195 1379.765625 230 
к 1396.25 195 1412.75 230 
4 
из 1148.84375 230 1181.8359375 265 
5
можем 216.921875 363.5 299.3984375 398.5 
мы 588.046875 398.5 621.0390625 433.5 
еще 637.5234375 398.5 687.015625 433.5 
этого 703.5 398.5 785.9765625 433.5 
не 802.46875 398.5 835.4609375 433.5 
сделали. 851.953125 398.5 983.90625 433.5 
6
на 1198.0703125 503.5 1231.0625 538.5 
самом 1247.546875 503.5 1330.0234375 538.5 
деле 1346.515625 503.5 1412.5 538.5 
7
в 1049.625 265 1066.125 300 
домах 1082.609375 265 1165.0859375 300 
8
и 513.8125 300 530.3125 335 
9
приносим 744.734375 195 876.6953125 230 
10
делаю 1066.375 230 1148.8515625 265 
