1
в 1363.265625 160 1379.765625 195 
Испании 662.265625 195 777.7265625 230 
2
о 893.1796875 363.5 909.6796875 398.5 
введении 926.1640625 363.5 1058.125 398.5 
3
не 926.171875 195 959.1640625 230 
вернулись 975.65625 195 1124.109375 230 
4
безопасными 1223.0703125 433.5 1404.5078125 468.5 
для 18.9921875 468.5 68.4765625 503.5 
посещения 84.96875 468.5 233.421875 503.5 
Даунинг-стрит, 249.90625 468.5 480.828125 503.5 
5
защищал 645.765625 398.5 761.234375 433.5 
6
как 1355.0234375 363.5 1404.5078125 398.5 
можно 596.2890625 398.5 678.765625 433.5 
быстрее». 695.25 398.5 843.703125 433.5 
7
это», 785.96875 160 868.4453125 195 
8
отношений 670.5078125 265 818.9609375 300 
в 835.453125 265 851.953125 300 
отношении 868.4375 265 1016.890625 300 
где, 439.59375 300 505.5703125 335 
как 522.0625 300 571.546875 335 
9
потенциально 1190.078125 195 1388.015625 230 
вторая 340.6328125 230 439.6015625 265 
волна 456.0859375 230 538.5625 265 
10
