1
своей 752.9765625 293.5 835.453125 328.5 
линии 851.9453125 293.5 934.421875 328.5 
2
чтобы 967.40625 293.5 1049.8828125 328.5 
расстраивать. 1066.3671875 293.5 1280.796875 328.5 
3
Был 60.234375 363.5 109.71875 398.5 
недавний 126.2109375 363.5 258.1640625 398.5 
пациент, 274.65625 363.5 406.6171875 398.5 
сустава, 241.6640625 398.5 373.6171875 433.5 
4
Ошибка 513.8203125 293.5 612.7890625 328.5 
одноранговой 629.2734375 293.5 827.2109375 328.5 
сети. 843.703125 293.5 926.1796875 328.5 
5
Страховка 76.7265625 293.5 225.1796875 328.5 
6
7
нет. 835.453125 293.5 901.4375 328.5 
8
9
представляем 142.6953125 160 340.6328125 195 
10
включили 159.1953125 363.5 291.1484375 398.5 
за 802.4609375 363.5 835.4609375 398.5 
пределами 851.9453125 363.5 1000.3984375 398.5 
