1
решение 983.8984375 328.5 1099.3671875 363.5 
Испании 1115.8515625 328.5 1231.3203125 363.5 
о 1247.8046875 328.5 1264.3046875 363.5 
карантине 1280.796875 328.5 1429.25 363.5 
2
введении 926.1640625 363.5 1058.125 398.5 
карантина 1074.6171875 363.5 1223.0703125 398.5 
3
Министры 51.984375 195 183.9375 230 
объявили 200.4296875 195 332.390625 230 
в 348.875 195 365.375 230 
субботу, 381.8671875 195 513.8203125 230 
вернулись 975.65625 195 1124.109375 230 
4
считались 1058.125 433.5 1206.578125 468.5 
безопасными 1223.0703125 433.5 1404.5078125 468.5 
для 18.9921875 468.5 68.4765625 503.5 
посещения 84.96875 468.5 233.421875 503.5 
Даунинг-стрит, 249.90625 468.5 480.828125 503.5 
5
защищал 645.765625 398.5 761.234375 433.5 
6
рассказал, 93.2109375 195 258.1640625 230 
оценили, 670.5078125 195 802.46875 230 
7
это», 785.96875 160 868.4453125 195 
8
отношений 670.5078125 265 818.9609375 300 
в 835.453125 265 851.953125 300 
отношении 868.4375 265 1016.890625 300 
9
потенциально 1190.078125 195 1388.015625 230 
вторая 340.6328125 230 439.6015625 265 
волна 456.0859375 230 538.5625 265 
10
Министра 175.6875 160 307.640625 195 
транспорта 324.1328125 160 489.078125 195 
среди 505.5703125 160 588.046875 195 
отдыхающих 604.53125 160 769.4765625 195 
Испании 785.96875 160 901.4296875 195 
отправили 917.921875 160 1066.375 195 
