1
парасоль 612.78125 293.5 744.734375 328.5 
насторожить! 761.2265625 293.5 959.1640625 328.5 
2
В 93.21875 398.5 109.71875 433.5 
следующем 126.203125 398.5 274.65625 433.5 
месяце 291.1484375 398.5 390.1171875 433.5 
на 406.6015625 398.5 439.6015625 433.5 
HBO 456.0859375 398.5 505.578125 433.5 
состоится 522.0625 398.5 670.515625 433.5 
премьера 687.0078125 398.5 818.9609375 433.5 
телесериала 835.453125 398.5 1016.890625 433.5 
«Позолоченный 1033.3828125 398.5 1247.8125 433.5 
век», 1264.296875 398.5 1346.7734375 433.5 
3
вновь 357.125 503.5 439.6015625 538.5 
4
среди 555.0546875 398.5 637.53125 433.5 
многих 654.015625 398.5 752.984375 433.5 
других. 769.4765625 398.5 884.9375 433.5 
5
веселье 612.78125 160 728.2421875 195 
6 
пышными, 818.9609375 433.5 950.921875 468.5 
7
телесериала 291.140625 293.5 472.5859375 328.5 
8
жалуется 282.8984375 328.5 414.859375 363.5 
9
обращения 687.0078125 195 835.4609375 230 
к 851.9453125 195 868.4453125 230 
смертоносным 884.9375 195 1082.875 230 
торнадо, 1099.359375 195 1231.3203125 230 
10
нагревается. 1066.3671875 160 1264.3046875 195 
