1
чтобы 423.1015625 160 505.578125 195 
отметить, 522.0703125 160 670.5234375 195 
2
по 538.5546875 160 571.5546875 195 
работе 588.0390625 160 687.0078125 195 
на 703.5 160 736.4921875 195 
работе 950.9140625 160 1049.8828125 195 
3
В 497.328125 293.5 513.828125 328.5 
магазин 530.3125 293.5 645.78125 328.5 
пришли 662.265625 293.5 761.234375 328.5 
два 777.7265625 293.5 827.2109375 328.5 
парня. 843.703125 293.5 942.671875 328.5 
4
довольно 365.375 160 497.328125 195 
в 1322.03125 160 1338.53125 195 
неприятностях 522.0703125 195 736.5 230 
с 752.984375 195 769.484375 230 
законом. 785.9765625 195 917.9296875 230 
5
После 35.4921875 398.5 117.96875 433.5 
некоторого 134.453125 398.5 299.3984375 433.5 
времени, 315.890625 398.5 447.8515625 433.5 
торцевых 1289.0390625 433.5 1421 468.5 
головок 456.09375 468.5 571.5546875 503.5 
6
были 1107.609375 195 1173.59375 230 
7
кассира 233.421875 293.5 348.8828125 328.5 
8
что 563.296875 160 612.78125 195 
он 629.2734375 160 662.265625 195 
этого 678.7578125 160 761.234375 195 
не 777.71875 160 810.7109375 195 
сделал, 827.203125 160 942.6640625 195 
9
когда 1049.875 363.5 1132.3515625 398.5 
она 1148.84375 363.5 1198.328125 398.5 
погналась 1214.8203125 363.5 1363.2734375 398.5 
за 1379.7578125 363.5 1412.75 398.5 
ним, 299.3984375 398.5 365.375 433.5 
бегства. 1008.640625 398.5 1140.6015625 433.5 
10
брюки 1049.875 363.5 1132.3515625 398.5 
