1
"Выключено". 761.2265625 230 959.1640625 265 
2
создать 1289.046875 195 1404.5078125 230 
позже. 992.140625 230 1091.1171875 265 
3
получения 596.2890625 398.5 744.7421875 433.5 
вами. 761.2265625 398.5 843.703125 433.5 
4
продажу 1190.078125 195 1305.5390625 230 
некоторое 711.7421875 230 860.1953125 265 
5
в 381.859375 363.5 398.359375 398.5 
поддержку 414.8515625 363.5 563.3046875 398.5 
6
Omicron 456.0859375 195 571.546875 230 
генов 1000.390625 195 1082.8671875 230 
N 1099.359375 195 1115.859375 230 
тестах 1165.3359375 195 1264.3046875 230 
ПЦР, 1280.7890625 195 1346.7734375 230 
генов 802.4609375 230 884.9375 265 
S. 901.4296875 230 934.421875 265 
7
общение 373.6171875 363.5 489.078125 398.5 
помните, 868.4375 363.5 1000.3984375 398.5 
8
не 1190.0703125 195 1223.0703125 230 
оправдывают 1239.5546875 195 1421 230 
9
отсканированных 645.7734375 433.5 893.1875 468.5 
файлов. 662.265625 468.5 777.7265625 503.5 
10
камеры 357.1171875 398.5 456.09375 433.5 
произошедшее, 200.4296875 433.5 414.859375 468.5 
