1
возникли 546.8046875 195 678.765625 230 
относила 975.6484375 195 1107.609375 230 
2
прокуратурой 555.0546875 503.5 752.9921875 538.5 
отношении. 884.9375 503.5 1049.8828125 538.5 
3
разбили 307.640625 363.5 423.1015625 398.5 
нанесли 538.5546875 363.5 654.0234375 398.5 
краской 818.9609375 363.5 934.421875 398.5 
из 950.9140625 363.5 983.90625 398.5 
баллончика, 1000.390625 363.5 1181.8359375 398.5 
выпускали 1198.3203125 363.5 1346.7734375 398.5 
направляли 299.390625 398.5 464.3359375 433.5 
полицейских, 645.765625 398.5 843.703125 433.5 
4
бросая 950.9140625 195 1049.8828125 230 
далеко 596.2890625 230 695.2578125 265 
5 
определила 794.21875 230 959.1640625 265 
попаданий. 637.5234375 300 802.46875 335 
6
во 414.8515625 195 447.84375 230 
время 464.328125 195 546.8046875 230 
направлены 720 230 884.9453125 265 
7
удерживает 241.6640625 195 406.609375 230 
8
По 43.734375 230 76.7265625 265 
заявлению 93.2109375 230 241.6640625 265 
осторожно 489.078125 265 637.53125 300 
возобновляет 654.015625 265 851.953125 300 
стоят 381.8671875 300 464.34375 335 
9 
человеческий 785.96875 398.5 983.90625 433.5 
род. 1000.390625 398.5 1066.375 433.5 
10
сотрудничаем 464.3359375 230 662.2734375 265 
решении 893.1875 230 1008.6484375 265 
проблем, 1025.140625 230 1157.09375 265 
несколько 522.0625 265 670.515625 300 
начать 1132.34375 265 1231.3203125 300 
безопасную 1247.8046875 265 1412.75 300 
работу. 662.265625 300 777.7265625 335 
