1
решение 983.8984375 328.5 1099.3671875 363.5 
Испании 1115.8515625 328.5 1231.3203125 363.5 
2
введении 926.1640625 363.5 1058.125 398.5 
3
не 934.421875 363.5 967.4140625 398.5 
вернутся 983.90625 363.5 1115.859375 398.5 
на 1082.859375 398.5 1115.859375 433.5 
4
для 18.9921875 468.5 68.4765625 503.5 
посещения 84.96875 468.5 233.421875 503.5 
Даунинг-стрит, 249.90625 468.5 480.828125 503.5 
5
выступил 637.5234375 195 769.484375 230 
в 785.96875 195 802.46875 230 
защиту 818.9609375 195 917.9296875 230 
"реакции 365.375 230 497.328125 265 
зарегистрированных 480.828125 265 777.7265625 300 
6
рассказал, 93.2109375 195 258.1640625 230 
«решение 851.9453125 195 983.90625 230 
было 1000.390625 195 1066.375 230 
принято 1082.859375 195 1198.328125 230 
7
извиняться 472.5859375 293.5 637.53125 328.5 
поступок”, 785.9765625 293.5 950.921875 328.5 
8
международных 439.59375 265 654.0234375 300 
отношений 670.5078125 265 818.9609375 300 
9
вторая 340.6328125 230 439.6015625 265 
волна 456.0859375 230 538.5625 265 
здесь, 555.0546875 230 654.0234375 265 
10
среди 505.5703125 160 588.046875 195 
отдыхающих 604.53125 160 769.4765625 195 
Испании 785.96875 160 901.4296875 195 
