1
поразила 621.03125 160 752.984375 195 
2
от 464.3359375 398.5 497.328125 433.5 
которой 513.8203125 398.5 629.28125 433.5 
3
обновления 472.5859375 230 637.53125 265 
вспышки 654.015625 230 769.484375 265 
4
заболевших 893.1796875 398.5 1058.125 433.5 
одного 439.59375 433.5 538.5625 468.5 
из 555.0546875 433.5 588.046875 468.5 
штаммов 604.5390625 433.5 720 468.5 
инкубационный 950.9140625 433.5 1165.34375 468.5 
период 1181.828125 433.5 1280.8046875 468.5 
до 662.2578125 468.5 695.2578125 503.5 
четырех 711.7421875 468.5 827.2109375 503.5 
5
погибших 1173.578125 363.5 1305.5390625 398.5 
6
не 1074.6171875 328.5 1107.609375 363.5 
выявлен. 1124.1015625 328.5 1256.0625 363.5 
7
еды, 1041.625 195 1107.609375 230 
возможных 423.1015625 230 571.5546875 265 
8
инфекция, 1173.578125 195 1322.03125 230 
следовала 291.1484375 230 439.6015625 265 
9
инфекций, 670.515625 433.5 818.96875 468.5 
10
частыми 175.6875 398.5 291.1484375 433.5 
инфекции 489.078125 398.5 621.03125 433.5 
между 563.3046875 433.5 645.78125 468.5 
