1
набор 1016.8828125 398.5 1099.359375 433.5 
набором 1280.7890625 398.5 1396.2578125 433.5 
слепые 769.4765625 433.5 868.4453125 468.5 
пятна 884.9296875 433.5 967.40625 468.5 
понять. 1280.7890625 433.5 1396.2578125 468.5 
2
смещена 736.4921875 503.5 851.953125 538.5 
3
просматривает 538.5546875 195 752.984375 230 
4
от 1148.84375 398.5 1181.8359375 433.5 
5
Возможно, 27.2421875 195 175.6953125 230 
отбросить 1016.890625 195 1165.34375 230 
6 
они 142.4453125 265 191.9296875 300 
посмертном 356.8671875 300 521.8203125 335 
состоянии, 538.3046875 300 703.25 335 
7
всем 241.40625 503.5 307.390625 538.5 
домашних 1231.0546875 503.5 1363.015625 538.5 
хозяйствах 59.9765625 538.5 224.921875 573.5 
8
навыки 348.875 265 447.84375 300 
в 464.328125 265 480.828125 300 
разработке 497.3203125 265 662.265625 300 
и 513.8125 300 530.3125 335 
9
приносим 744.734375 195 876.6953125 230 
10
будто 934.421875 230 1016.8984375 265 
я 1033.3828125 230 1049.8828125 265 
делаю 1066.375 230 1148.8515625 265 
