1
решение 983.8984375 328.5 1099.3671875 363.5 
Испании 1115.8515625 328.5 1231.3203125 363.5 
2
о 893.1796875 363.5 909.6796875 398.5 
введении 926.1640625 363.5 1058.125 398.5 
3
не 926.171875 195 959.1640625 230 
вернулись 975.65625 195 1124.109375 230 
4
для 18.9921875 468.5 68.4765625 503.5 
посещения 84.96875 468.5 233.421875 503.5 
Даунинг-стрит, 249.90625 468.5 480.828125 503.5 
5
зарегистрированных 480.828125 265 777.7265625 300 
6
приняли 1091.1171875 363.5 1206.578125 398.5 
решение 1223.0703125 363.5 1338.53125 398.5 
как 1355.0234375 363.5 1404.5078125 398.5 
можно 596.2890625 398.5 678.765625 433.5 
быстрее». 695.25 398.5 843.703125 433.5 
7
за 654.0234375 293.5 687.015625 328.5 
этот 703.5 293.5 769.484375 328.5 
поступок”, 785.9765625 293.5 950.921875 328.5 
8
международных 274.6484375 468.5 489.078125 503.5 
мер 505.5703125 468.5 555.0546875 503.5 
9
потенциально 1190.078125 195 1388.015625 230 
вторая 340.6328125 230 439.6015625 265 
волна 456.0859375 230 538.5625 265 
здесь, 555.0546875 230 654.0234375 265 
10
среди 505.5703125 160 588.046875 195 
отдыхающих 604.53125 160 769.4765625 195 
Испании 785.96875 160 901.4296875 195 
отправили 917.921875 160 1066.375 195 
на 1082.859375 160 1115.859375 195 
карантин 1132.34375 160 1264.3046875 195 
