1
создала 439.59375 230 555.0625 265 
2
была 654.015625 503.5 720 538.5 
смещена 736.4921875 503.5 851.953125 538.5 
против 868.4453125 503.5 967.4140625 538.5 
3
просматривает 538.5546875 195 752.984375 230 
4
на 439.59375 195 472.5859375 230 
секунду 489.078125 195 604.5390625 230 
подумать 621.03125 195 752.9921875 230 
5
можем 216.921875 363.5 299.3984375 398.5 
мы 588.046875 398.5 621.0390625 433.5 
еще 637.5234375 398.5 687.015625 433.5 
этого 703.5 398.5 785.9765625 433.5 
не 802.46875 398.5 835.4609375 433.5 
сделали. 851.953125 398.5 983.90625 433.5 
6
был 538.3046875 230 587.796875 265 
изобретен 604.28125 230 752.734375 265 
термин 769.2265625 230 868.1953125 265 
7
вызваны 571.296875 265 686.7578125 300 
8
а 472.5859375 503.5 489.0859375 538.5 
также 505.5703125 503.5 588.046875 538.5 
9
дарим 769.4765625 363.5 851.953125 398.5 
10
