1
относила 975.6484375 195 1107.609375 230 
его 1124.1015625 195 1173.5859375 230 
поведение 1190.078125 195 1338.53125 230 
2
столпов 1198.3203125 433.5 1313.7890625 468.5 
в 1330.2734375 433.5 1346.7734375 468.5 
искоренении 43.734375 468.5 225.171875 503.5 
3
разбили 307.640625 363.5 423.1015625 398.5 
нанесли 538.5546875 363.5 654.0234375 398.5 
4
следят 175.6875 195 274.6640625 230 
за 291.1484375 195 324.140625 230 
прозрачностью 340.6328125 195 555.0625 230 
5
список 1280.796875 265 1379.765625 300 
попаданий. 637.5234375 300 802.46875 335 
6
во 414.8515625 195 447.84375 230 
время 464.328125 195 546.8046875 230 
7
удерживает 241.6640625 195 406.609375 230 
8
продолжает 1223.0625 468.5 1388.015625 503.5 
сталкиваться 258.1640625 503.5 456.09375 538.5 
9
человеческий 785.96875 398.5 983.90625 433.5 
род. 1000.390625 398.5 1066.375 433.5 
10
начать 1132.34375 265 1231.3203125 300 
безопасную 1247.8046875 265 1412.75 300 
работу. 662.265625 300 777.7265625 335 
