1
Нажимайте 51.984375 363.5 200.4375 398.5 
2
eReader, 761.234375 363.5 893.1875 398.5 
снова 810.7109375 398.5 893.1875 433.5 
после 909.671875 398.5 992.1484375 433.5 
этого. 1008.640625 398.5 1107.609375 433.5 
3
для 1330.28125 363.5 1379.765625 398.5 
получения 596.2890625 398.5 744.7421875 433.5 
вами. 761.2265625 398.5 843.703125 433.5 
4
Работа 68.4765625 195 167.4453125 230 
над 183.9296875 195 233.421875 230 
технологией 249.90625 195 431.3515625 230 
5
выпущены 233.4140625 363.5 365.375 398.5 
в 381.859375 363.5 398.359375 398.5 
поддержку 414.8515625 363.5 563.3046875 398.5 
свержение 1091.109375 363.5 1239.5625 398.5 
работорговца 332.3828125 398.5 530.3125 433.5 
6
генов 1000.390625 195 1082.8671875 230 
N 1099.359375 195 1115.859375 230 
генов 802.4609375 230 884.9375 265 
S. 901.4296875 230 934.421875 265 
7
В 93.21875 363.5 109.71875 398.5 
целях 126.203125 363.5 208.6796875 398.5 
качества 225.171875 363.5 357.125 398.5 
общение 373.6171875 363.5 489.078125 398.5 
в 505.5703125 363.5 522.0703125 398.5 
чате 538.5546875 363.5 604.5390625 398.5 
будет 621.03125 363.5 703.5078125 398.5 
закрыто, 719.9921875 363.5 851.953125 398.5 
мы 530.3125 398.5 563.3046875 433.5 
будем 579.796875 398.5 662.2734375 433.5 
рады 678.7578125 398.5 744.7421875 433.5 
продолжить 761.2265625 398.5 926.1796875 433.5 
вам 942.6640625 398.5 992.15625 433.5 
помощь. 1008.640625 398.5 1124.109375 433.5 
8
с 472.5859375 363.5 489.0859375 398.5 
расчетом 505.5703125 363.5 637.53125 398.5 
на 654.0234375 363.5 687.015625 398.5 
обслуживание 703.5 363.5 901.4375 398.5 
курьерами, 917.9296875 363.5 1082.875 398.5 
но 1099.359375 363.5 1132.359375 398.5 
иногда 1148.84375 363.5 1247.8125 398.5 
они 1264.3046875 363.5 1313.7890625 398.5 
разочаровывают, 324.140625 398.5 571.5546875 433.5 
и 588.046875 398.5 604.546875 433.5 
это 621.03125 398.5 670.5234375 433.5 
не 687.0078125 398.5 720 433.5 
может 736.4921875 398.5 818.96875 433.5 
быть 835.453125 398.5 901.4375 433.5 
нашей 917.9296875 398.5 1000.40625 433.5 
виной. 1016.890625 398.5 1115.859375 433.5 
9
С 27.2421875 398.5 43.7421875 433.5 
10
нанес 1115.859375 230 1198.3359375 265 
удар 1214.8203125 230 1280.8046875 265 
ножом 1297.2890625 230 1379.765625 265 
подростку. 637.5234375 265 802.46875 300 
