1
унесла 588.046875 293.5 687.015625 328.5 
жизни 703.5 293.5 785.9765625 328.5 
2 
-- 282.8984375 195 315.890625 230 
3
обновления 472.5859375 230 637.53125 265 
вспышки 654.015625 230 769.484375 265 
4
симптомы, 10.75 230 159.203125 265 
связанные 175.6875 230 324.140625 265 
со 340.6328125 230 373.625 265 
штаммом 390.109375 230 505.578125 265 
5
о 1140.59375 363.5 1157.09375 398.5 
погибших 1173.578125 363.5 1305.5390625 398.5 
6
не 1074.6171875 328.5 1107.609375 363.5 
выявлен. 1124.1015625 328.5 1256.0625 363.5 
7
рекомендаций 431.34375 195 629.28125 230 
об 645.765625 195 678.7578125 230 
избегании 695.25 195 843.703125 230 
8
зарегистрировано 266.3984375 195 530.3125 230 
больше 546.8046875 195 645.7734375 230 
всего 662.2578125 195 744.734375 230 
следовала 291.1484375 230 439.6015625 265 
9
вызывает 291.1484375 433.5 423.109375 468.5 
1,35 439.59375 433.5 505.578125 468.5 
миллиона 522.0625 433.5 654.0234375 468.5 
инфекций, 670.515625 433.5 818.96875 468.5 
10
могут 315.890625 433.5 398.3671875 468.5 
начаться 414.8515625 433.5 546.8125 468.5 
между 563.3046875 433.5 645.78125 468.5 
шестью 662.265625 433.5 761.234375 468.5 
часами 777.7265625 433.5 876.6953125 468.5 
и 893.1875 433.5 909.6875 468.5 
шестью 926.171875 433.5 1025.140625 468.5 
днями 1041.6328125 433.5 1124.109375 468.5 
