1
лекарств 744.734375 293.5 876.6953125 328.5 
против 893.1875 293.5 992.15625 328.5 
2
"произвольным, 843.703125 265 1074.625 300 
волей-неволей", 1091.1171875 265 1338.53125 300 
3
выделила 942.4140625 573.5 1074.3671875 608.5 
как 991.890625 608.5 1041.3828125 643.5 
бесполезные. 1057.8671875 608.5 1255.8046875 643.5 
4
означает, 1256.0546875 230 1404.5078125 265 
должны 744.734375 300 843.7109375 335 
быть 860.1953125 300 926.1796875 335 
оценены. 942.6640625 300 1074.625 335 
5
рандомизированном 810.7109375 300 1091.1171875 335 
6
реконвалесцентную 629.2734375 230 909.6796875 265 
рандомизированы», 357.125 265 637.53125 300 
7
выздоравливающую 455.828125 265 719.7421875 300 
крупномасштабных 777.46875 335 1041.3828125 370 
лекарств. 1057.8671875 335 1206.3203125 370 
испытания. 1222.8125 335 1387.7578125 370 
8
приводит 480.828125 398.5 612.78125 433.5 
к 629.2734375 398.5 645.7734375 433.5 
лекарствам. 777.71875 398.5 959.1640625 433.5 
9
Рандомизированные 60.234375 160 340.640625 195 
являются 670.515625 160 802.4765625 195 
для 1132.3515625 160 1181.8359375 195 
того, 1198.328125 160 1280.8046875 195 
чтобы 1297.2890625 160 1379.765625 195 
10
омрачить 1000.390625 160 1132.3515625 195 
