1
Шапка 480.828125 293.5 563.3046875 328.5 
парасоль 612.78125 293.5 744.734375 328.5 
насторожить! 761.2265625 293.5 959.1640625 328.5 
2
на 406.6015625 398.5 439.6015625 433.5 
HBO 456.0859375 398.5 505.578125 433.5 
3
вновь 357.125 503.5 439.6015625 538.5 
4 
среди 555.0546875 398.5 637.53125 433.5 
многих 654.015625 398.5 752.984375 433.5 
других. 769.4765625 398.5 884.9375 433.5 
5
веселье 612.78125 160 728.2421875 195 
нет? 893.1796875 160 959.1640625 195 
6
включают 670.515625 265 802.46875 300 
7
начинает 497.3203125 160 629.28125 195 
транслироваться 645.7734375 160 893.1875 195 
8
жалуется 282.8984375 328.5 414.859375 363.5 
9
после 588.0390625 195 670.515625 230 
обращения 687.0078125 195 835.4609375 230 
10
все 489.0703125 160 538.5625 195 
более 555.046875 160 637.5234375 195 
интенсивно, 654.015625 160 835.453125 195 
нагревается. 1066.3671875 160 1264.3046875 195 
