1
от 942.6640625 160 975.65625 195 
2
"произвольным, 843.703125 265 1074.625 300 
волей-неволей", 1091.1171875 265 1338.53125 300 
3
выделила 942.4140625 573.5 1074.3671875 608.5 
4
означала, 1256.0546875 433.5 1404.5078125 468.5 
5
крупномасштабном 530.3125 300 794.2265625 335 
рандомизированном 810.7109375 300 1091.1171875 335 
6
реконвалесцентную 629.2734375 230 909.6796875 265 
восстановления. 777.71875 300 1025.140625 335 
7
выздоравливающую 455.828125 265 719.7421875 300 
даны 51.734375 300 117.7109375 335 
огромные 134.203125 300 266.1640625 335 
количества, 282.6484375 300 464.09375 335 
лекарств. 1057.8671875 335 1206.3203125 370 
испытания. 1222.8125 335 1387.7578125 370 
8
не 76.7265625 195 109.71875 230 
проводят 126.203125 195 258.1640625 230 
9
являются 670.515625 160 802.4765625 195 
10
бессознательные 258.15625 160 505.578125 195 
омрачить 1000.390625 160 1132.3515625 195 
End 28 489.5 63.5859375 511.5 
