1
чтобы 423.1015625 160 505.578125 195 
2
по 538.5546875 160 571.5546875 195 
работе 588.0390625 160 687.0078125 195 
3
Эти 464.3359375 160 513.8203125 195 
4
за 959.1640625 160 992.15625 195 
то, 1008.640625 160 1058.1328125 195 
в 1322.03125 160 1338.53125 195 
неприятностях 522.0703125 195 736.5 230 
5
После 35.4921875 398.5 117.96875 433.5 
некоторого 134.453125 398.5 299.3984375 433.5 
времени, 315.890625 398.5 447.8515625 433.5 
6
были 1107.609375 195 1173.59375 230 
7
Они 200.4296875 160 249.9140625 195 
8
это 249.90625 160 299.3984375 195 
9
для 942.6640625 398.5 992.15625 433.5 
бегства. 1008.640625 398.5 1140.6015625 433.5 
10
нравилось 843.6953125 195 992.1484375 230 
у 1404.5 195 1421 230 
него 563.3046875 230 629.28125 265
