1
возникли 546.8046875 195 678.765625 230 
относила 975.6484375 195 1107.609375 230 
его 1124.1015625 195 1173.5859375 230 
поведение 1190.078125 195 1338.53125 230 
2
в 917.921875 300 934.421875 335 
этой 950.90625 300 1016.890625 335 
связи. 1033.3828125 300 1132.3515625 335 
3 
сообщили 563.3046875 230 695.2578125 265 
4
бросая 950.9140625 195 1049.8828125 230 
далеко 596.2890625 230 695.2578125 265 
5
попаданий. 637.5234375 300 802.46875 335 
6
в 406.609375 398.5 423.109375 433.5 
связи 439.59375 398.5 522.0703125 433.5 
с 538.5625 398.5 555.0625 433.5 
7
компенсирует 505.5703125 230 703.5078125 265 
некоторую 720 230 868.453125 265 
нехватку 884.9375 230 1016.8984375 265 
8
осторожно 489.078125 265 637.53125 300 
возобновляет 654.015625 265 851.953125 300 
работу 868.4453125 265 967.4140625 300 
крупнейшие 480.828125 300 645.7734375 335 
9
Ковид-19 472.578125 195 604.5390625 230 
10
несколько 522.0625 265 670.515625 300 
творческих 687.0078125 265 851.953125 300 
