1
«Питание 695.25 398.5 827.2109375 433.5 
отключено». 843.6953125 398.5 1025.140625 433.5 
2
снова 810.7109375 398.5 893.1875 433.5 
после 909.671875 398.5 992.1484375 433.5 
этого. 1008.640625 398.5 1107.609375 433.5 
3 
для 1330.28125 363.5 1379.765625 398.5 
получения 596.2890625 398.5 744.7421875 433.5 
вами. 761.2265625 398.5 843.703125 433.5 
4
коммерциализации 431.3515625 398.5 695.2578125 433.5 
5
освобождены, 159.1953125 195 357.1328125 230 
чтобы 373.6171875 195 456.09375 230 
поддержать 472.5859375 195 637.53125 230 
6
тестах 1165.3359375 195 1264.3046875 230 
ПЦР, 1280.7890625 195 1346.7734375 230 
7
продолжить 761.2265625 398.5 926.1796875 433.5 
вам 942.6640625 398.5 992.15625 433.5 
помощь. 1008.640625 398.5 1124.109375 433.5 
8
курьерами, 917.9296875 363.5 1082.875 398.5 
не 687.0078125 398.5 720 433.5 
может 736.4921875 398.5 818.96875 433.5 
быть 835.453125 398.5 901.4375 433.5 
нашей 917.9296875 398.5 1000.40625 433.5 
виной. 1016.890625 398.5 1115.859375 433.5 
9
также 307.640625 230 390.1171875 265 
10
камеры 357.1171875 398.5 456.09375 433.5 
видеонаблюдения 472.578125 398.5 720 433.5 
