1
возникли 546.8046875 195 678.765625 230 
проблемы 695.25 195 827.2109375 230 
с 843.6953125 195 860.1953125 230 
ним 876.6875 195 926.171875 230 
относила 975.6484375 195 1107.609375 230 
2
государственным 472.578125 300 720 335 
обвинением 736.484375 300 901.4296875 335 
3 
распыляли 513.8203125 195 662.2734375 230 
граффити, 678.7578125 195 827.2109375 230 
4
бросая 950.9140625 195 1049.8828125 230 
они 711.75 230 761.234375 265 
могут 777.7265625 230 860.203125 265 
его 876.6875 230 926.1796875 265 
видеть. 942.6640625 230 1058.1328125 265 
5
трансферные 1058.125 230 1239.5625 265 
цели 1256.0546875 230 1322.03125 265 
список 1280.796875 265 1379.765625 300 
попаданий. 637.5234375 300 802.46875 335 
6
в 406.609375 398.5 423.109375 433.5 
связи 439.59375 398.5 522.0703125 433.5 
7
удерживает 241.6640625 195 406.609375 230 
занятых 621.03125 195 736.4921875 230 
по 752.984375 195 785.9765625 230 
сокращенным 802.4609375 195 983.90625 230 
часам 1000.390625 195 1082.8671875 230 
заработной 1132.34375 195 1297.296875 230 
плате, 1313.78125 195 1412.75 230 
8
дальнейший 1148.8359375 230 1313.7890625 265 
урон 1330.2734375 230 1396.2578125 265 
по-прежнему 1247.8046875 265 1429.25 300 
крупнейшие 480.828125 300 645.7734375 335 
трудности 662.265625 300 810.71875 335 
9
человеческий 785.96875 398.5 983.90625 433.5 
род. 1000.390625 398.5 1066.375 433.5 
10
сектором 711.75 230 843.7109375 265 
в 860.1953125 230 876.6953125 265 
решении 893.1875 230 1008.6484375 265 
проблем, 1025.140625 230 1157.09375 265 
