1
решение 983.8984375 328.5 1099.3671875 363.5 
Испании 1115.8515625 328.5 1231.3203125 363.5 
о 1247.8046875 328.5 1264.3046875 363.5 
карантине 1280.796875 328.5 1429.25 363.5 
2
решения 530.3046875 363.5 645.7734375 398.5 
правительства 662.2578125 363.5 876.6875 398.5 
карантина 1074.6171875 363.5 1223.0703125 398.5 
3
Министры 51.984375 195 183.9375 230 
объявили 200.4296875 195 332.390625 230 
в 348.875 195 365.375 230 
субботу, 381.8671875 195 513.8203125 230 
4
считались 1058.125 433.5 1206.578125 468.5 
безопасными 1223.0703125 433.5 1404.5078125 468.5 
для 18.9921875 468.5 68.4765625 503.5 
посещения 84.96875 468.5 233.421875 503.5 
Даунинг-стрит, 249.90625 468.5 480.828125 503.5 
5
защищал 645.765625 398.5 761.234375 433.5 
внезапное 777.71875 398.5 926.171875 433.5 
возобновление 942.6640625 398.5 1157.09375 433.5 
ограничений 1173.578125 398.5 1355.0234375 433.5 
6
ситуацию 522.0625 195 654.0234375 230 
ситуацию 522.0625 195 654.0234375 230 
оценили, 670.5078125 195 802.46875 230 
так 1214.8125 195 1264.3046875 230 
быстро, 1280.7890625 195 1396.2578125 230 
насколько 555.0546875 230 703.5078125 265 
возможно». 719.9921875 230 884.9375 265 
7
8
быстрые, 629.28125 433.5 761.234375 468.5 
решительные 777.7265625 433.5 959.1640625 468.5 
меры, 975.65625 433.5 1058.1328125 468.5 
в 1223.0703125 433.5 1239.5703125 468.5 
отношении 1256.0546875 433.5 1404.5078125 468.5 
локальных, 27.2421875 468.5 192.1875 503.5 
международных 274.6484375 468.5 489.078125 503.5 
мер 505.5703125 468.5 555.0546875 503.5 
в 571.546875 468.5 588.046875 503.5 
отношении 604.53125 468.5 752.984375 503.5 
Испании 769.4765625 468.5 884.9375 503.5 
или 901.4296875 468.5 950.9140625 503.5 
конкретной 967.40625 468.5 1132.3515625 503.5 
страны, 1148.84375 468.5 1264.3046875 503.5 
когда 1280.796875 468.5 1363.2734375 503.5 
мы 1379.7578125 468.5 1412.75 503.5 
видим, 456.09375 503.5 555.0625 538.5 
что 571.546875 503.5 621.0390625 538.5 
9
потенциально 1190.078125 195 1388.015625 230 
вторая 340.6328125 230 439.6015625 265 
волна 456.0859375 230 538.5625 265 
здесь, 555.0546875 230 654.0234375 265 
заразиться 711.75 195 876.6953125 230 
в 893.1796875 195 909.6796875 230 
Великобритании, 926.171875 195 1173.5859375 230 
10
среди 357.1171875 293.5 439.59375 328.5 
отдыхающих 456.0859375 293.5 621.03125 328.5 
вынужденных 818.953125 293.5 1000.3984375 328.5 
находиться 1016.8828125 293.5 1181.8359375 328.5 
