1
"Выключено". 761.2265625 230 959.1640625 265 
2
eReader, 761.234375 363.5 893.1875 398.5 
снова 810.7109375 398.5 893.1875 433.5 
после 909.671875 398.5 992.1484375 433.5 
этого. 1008.640625 398.5 1107.609375 433.5 
3
означает, 851.953125 363.5 1000.40625 398.5 
что 1016.890625 363.5 1066.3828125 398.5 
выбрали 1132.3515625 363.5 1247.8125 398.5 
его 1264.3046875 363.5 1313.7890625 398.5 
для 1330.28125 363.5 1379.765625 398.5 
получения 596.2890625 398.5 744.7421875 433.5
вами. 761.2265625 398.5 843.703125 433.5 
4
для 1256.0546875 363.5 1305.5390625 398.5 
коммерциализации 431.3515625 398.5 695.2578125 433.5 
потребуется 711.75 398.5 893.1875 433.5 
время. 909.6796875 398.5 1008.6484375 433.5 
5
чтобы 373.6171875 195 456.09375 230 
6
генов 1000.390625 195 1082.8671875 230 
N 1099.359375 195 1115.859375 230 
генов 802.4609375 230 884.9375 265 
S. 901.4296875 230 934.421875 265 
7
взаимодействие 365.3671875 195 596.2890625 230 
будет 728.234375 195 810.7109375 230 
закрыто, 827.203125 195 959.1640625 230 
8
обслуживание 703.5 363.5 901.4375 398.5 
курьерами, 917.9296875 363.5 1082.875 398.5 
разочаровывают, 324.140625 398.5 571.5546875 433.5 
не 687.0078125 398.5 720 433.5 
может 736.4921875 398.5 818.96875 433.5 
быть 835.453125 398.5 901.4375 433.5 
нашей 917.9296875 398.5 1000.40625 433.5 
виной. 1016.890625 398.5 1115.859375 433.5 
9
проверенных 769.4765625 230 950.9140625 265 
файлов 967.40625 230 1066.375 265 
проанализированных 1115.8515625 230 1412.75 265 
загрузок. 645.7734375 265 794.2265625 300 
10
то, 192.1875 230 241.671875 265 
что 258.1640625 230 307.6484375 265 
End 28 629.5 63.5859375 651.5 
