1
вижу 571.546875 293.5 637.5234375 328.5 
своей 752.9765625 293.5 835.453125 328.5 
линии 851.9453125 293.5 934.421875 328.5 
2
расстраивать. 1066.3671875 293.5 1280.796875 328.5 
3
потребовалась 645.7734375 195 860.203125 230 
специфическая 975.65625 195 1190.0859375 230 
улучшить 794.21875 230 926.1796875 265 
качество 942.6640625 230 1074.625 265 
жизни. 1091.109375 230 1190.0859375 265 
4
узел 645.7734375 160 711.7578125 195 
потерпел 728.2421875 160 860.203125 195 
неудачу. 876.6875 160 1008.6484375 195 
5
Страховка 76.7265625 293.5 225.1796875 328.5 
является 571.546875 293.5 703.5078125 328.5 
необходимым 719.9921875 293.5 901.4375 328.5 
с 917.921875 293.5 934.421875 328.5 
медицинской 950.9140625 293.5 1132.3515625 328.5 
точки 1148.84375 293.5 1231.3203125 328.5 
зрения. 1247.8046875 293.5 1363.2734375 328.5 
6
обращаемся 546.8046875 160 711.7578125 195 
7
"нет". 818.9609375 160 917.9296875 195 
8
стороне. 851.953125 160 983.90625 195 
9
этой 711.7421875 363.5 777.7265625 398.5 
10
включили 159.1953125 363.5 291.1484375 398.5 
за 802.4609375 363.5 835.4609375 398.5 
пределами 851.9453125 363.5 1000.3984375 398.5 
