1
чтобы 423.1015625 160 505.578125 195 
отметить, 522.0703125 160 670.5234375 195 
был 769.4765625 160 818.96875 195 
свидетелем 835.453125 160 1000.40625 195 
2
по 538.5546875 160 571.5546875 195 
работе 588.0390625 160 687.0078125 195 
3
Эти 464.3359375 160 513.8203125 195 
4
довольно 365.375 160 497.328125 195 
был 1256.0546875 160 1305.546875 195 
в 1322.03125 160 1338.53125 195 
неприятностях 522.0703125 195 736.5 230 
5
После 35.4921875 398.5 117.96875 433.5 
некоторого 134.453125 398.5 299.3984375 433.5 
времени, 315.890625 398.5 447.8515625 433.5 
проведенного 464.3359375 398.5 662.2734375 433.5 
в 678.7578125 398.5 695.2578125 433.5 
магазине, 711.75 398.5 860.203125 433.5 
печально 876.6875 398.5 1008.6484375 433.5 
известный 1025.140625 398.5 1173.59375 433.5 
парень 1190.078125 398.5 1289.046875 433.5 
набор 1190.0703125 433.5 1272.546875 468.5 
торцевых 1289.0390625 433.5 1421 468.5 
головок 456.09375 468.5 571.5546875 503.5 
стоимостью 588.046875 468.5 752.9921875 503.5 
6
двое 596.28125 363.5 662.265625 398.5 
кассиров 678.7578125 363.5 810.7109375 398.5 
будут 1107.6015625 363.5 1190.078125 398.5 
прямо 513.8125 398.5 596.2890625 433.5 
7
кассира 233.421875 293.5 348.8828125 328.5 
8
это 249.90625 160 299.3984375 195 
подтвердилось, 315.8828125 160 546.8046875 195 
он 629.2734375 160 662.265625 195 
этого 678.7578125 160 761.234375 195 
не 777.71875 160 810.7109375 195 
сделал, 827.203125 160 942.6640625 195 
9
когда 1049.875 363.5 1132.3515625 398.5 
она 1148.84375 363.5 1198.328125 398.5 
погналась 1214.8203125 363.5 1363.2734375 398.5 
за 1379.7578125 363.5 1412.75 398.5 
ним, 299.3984375 398.5 365.375 433.5 
машине 827.2109375 398.5 926.1796875 433.5 
для 942.6640625 398.5 992.15625 433.5 
бегства. 1008.640625 398.5 1140.6015625 433.5 
10
у 1404.5 195 1421 230 
него 563.3046875 230 629.28125 265 
не 645.7734375 230 678.765625 265 
было 695.2578125 230 761.234375 265 
ремня. 777.7265625 230 876.6953125 265 
