1
унесла 588.046875 293.5 687.015625 328.5 
жизни 703.5 293.5 785.9765625 328.5 
2
- 291.1484375 363.5 307.6484375 398.5 
от 464.3359375 398.5 497.328125 433.5 
которой 513.8203125 398.5 629.28125 433.5 
заболели 645.7734375 398.5 777.7265625 433.5 
3 
с 1066.3671875 195 1082.8671875 230 
момента 1099.359375 195 1214.8203125 230 
последнего 1231.3125 195 1396.2578125 230 
обновления 472.5859375 230 637.53125 265 
вспышки 654.015625 230 769.484375 265 
4 
Агентство 60.234375 195 208.6875 230 
сообщило, 225.171875 195 373.625 230 
у 950.9140625 195 967.4140625 230 
людей 983.90625 195 1066.3828125 230 
5
о 1140.59375 363.5 1157.09375 398.5 
погибших 1173.578125 363.5 1305.5390625 398.5 
6 
не 975.6484375 195 1008.640625 230 
был 1025.1328125 195 1074.6171875 230 
идентифицирован. 1091.109375 195 1355.0234375 230 
7
Он 76.7265625 363.5 109.71875 398.5 
не 126.203125 363.5 159.203125 398.5 
выпустил 175.6875 363.5 307.6484375 398.5 
не 596.2890625 398.5 629.28125 433.5 
назвал 645.765625 398.5 744.7421875 433.5 
розничных 761.2265625 398.5 909.6796875 433.5 
продавцов, 926.171875 398.5 1091.1171875 433.5 
8
сальмонеллеза-51 893.1796875 195 1157.09375 230 
инфекция, 1173.578125 195 1322.03125 230 
а 1338.5234375 195 1355.0234375 230 
Юта 1371.5078125 195 1421 230 
следовала 291.1484375 230 439.6015625 265 
за 456.0859375 230 489.078125 265 
ними 505.5703125 230 571.5546875 265 
с 588.0390625 230 604.5390625 265 
40 621.03125 230 654.0234375 265 
зарегистрированными 670.5078125 230 983.90625 265 
случаями. 1000.390625 230 1148.84375 265 
9
инфекций, 670.515625 433.5 818.96875 468.5 
10
между 563.3046875 433.5 645.78125 468.5 
шестью 662.265625 433.5 761.234375 468.5 
часами 777.7265625 433.5 876.6953125 468.5 
и 893.1875 433.5 909.6875 468.5 
шестью 926.171875 433.5 1025.140625 468.5 
днями 1041.6328125 433.5 1124.109375 468.5 
