1
я 406.609375 230 423.109375 265 
создала 439.59375 230 555.0625 265 
мог 1313.78125 230 1363.2734375 265 
понимать. 645.7734375 265 794.2265625 300 
2
смещена 736.4921875 503.5 851.953125 538.5 
против 868.4453125 503.5 967.4140625 538.5 
3
просматривает 538.5546875 195 752.984375 230 
наши 769.4765625 195 835.4609375 230 
данные, 851.9453125 195 967.4140625 230 
4
всех 291.1484375 195 357.1328125 230 
вас 373.6171875 195 423.109375 230 
5 
еще 637.5234375 398.5 687.015625 433.5 
этого 703.5 398.5 785.9765625 433.5 
не 802.46875 398.5 835.4609375 433.5 
сделали. 851.953125 398.5 983.90625 433.5 
6
посмертном 356.8671875 300 521.8203125 335 
7
в 1198.0703125 503.5 1214.5703125 538.5 
домашних 1231.0546875 503.5 1363.015625 538.5 
хозяйствах 59.9765625 538.5 224.921875 573.5 
8
и 513.8125 300 530.3125 335 
опыт 546.8046875 300 612.7890625 335 
людей, 629.2734375 300 728.2421875 335 
к 744.734375 300 761.234375 335 
которым 777.71875 300 893.1875 335 
я 909.671875 300 926.171875 335 
обратился. 942.6640625 300 1107.609375 335 
9
мы 720 363.5 752.9921875 398.5 
дарим 769.4765625 363.5 851.953125 398.5 
10
так, 785.9765625 230 851.953125 265 
как 868.4453125 230 917.9296875 265 
будто 934.421875 230 1016.8984375 265 
