1
чтобы 423.1015625 160 505.578125 195 
отметить, 522.0703125 160 670.5234375 195 
2
Мне 27.2421875 160 76.7265625 195 
рассказали 93.21875 160 258.1640625 195 
об 274.6484375 160 307.6484375 195 
этом 324.1328125 160 390.1171875 195 
в 1066.3671875 160 1082.8671875 195 
розничной 1099.359375 160 1247.8125 195 
торговле. 1264.296875 160 1412.75 195 
3
В 497.328125 293.5 513.828125 328.5 
магазин 530.3125 293.5 645.78125 328.5 
пришли 662.265625 293.5 761.234375 328.5 
два 777.7265625 293.5 827.2109375 328.5 
парня. 843.703125 293.5 942.671875 328.5 
4
за 959.1640625 160 992.15625 195 
то, 1008.640625 160 1058.1328125 195 
что 1074.6171875 160 1124.109375 195 
всегда 1140.59375 160 1239.5703125 195 
был 1256.0546875 160 1305.546875 195 
в 1322.03125 160 1338.53125 195 
неприятностях 522.0703125 195 736.5 230 
с 752.984375 195 769.484375 230 
законом. 785.9765625 195 917.9296875 230 
5
большой 1058.1171875 433.5 1173.5859375 468.5 
набор 1190.0703125 433.5 1272.546875 468.5 
торцевых 1289.0390625 433.5 1421 468.5 
головок 456.09375 468.5 571.5546875 503.5 
6
две 612.78125 195 662.2734375 230 
кассирши 678.7578125 195 810.71875 230 
7
Они 200.4296875 160 249.9140625 195 
оба 266.40625 160 315.890625 195 
заметили 332.3828125 160 464.3359375 195 
8
Когда 150.9453125 160 233.421875 195 
это 249.90625 160 299.3984375 195 
подтвердилось, 315.8828125 160 546.8046875 195 
9
с 612.78125 398.5 629.28125 433.5 
побежал 480.828125 398.5 596.296875 433.5 
тележкой 645.7734375 398.5 777.734375 433.5 
к 794.21875 398.5 810.71875 433.5 
машине 827.2109375 398.5 926.1796875 433.5 
для 942.6640625 398.5 992.15625 433.5 
бегства. 1008.640625 398.5 1140.6015625 433.5 
10
брюки 1049.875 363.5 1132.3515625 398.5 
