1
в 719.9921875 293.5 736.4921875 328.5 
своей 752.9765625 293.5 835.453125 328.5 
линии 851.9453125 293.5 934.421875 328.5 
работы. 950.90625 293.5 1066.375 328.5 
2
расстраивать. 1066.3671875 293.5 1280.796875 328.5 
3
потребовалась 645.7734375 195 860.203125 230 
4
Одноранговый 431.3515625 160 629.28125 195 
узел 645.7734375 160 711.7578125 195 
потерпел 728.2421875 160 860.203125 195 
неудачу. 876.6875 160 1008.6484375 195 
5
Страховка 76.7265625 293.5 225.1796875 328.5 
говорит, 241.6640625 293.5 373.625 328.5 
6 
подаем 604.53125 293.5 703.5078125 328.5 
7
нет. 835.453125 293.5 901.4375 328.5 
8
Мы 348.875 293.5 381.8671875 328.5 
обращаемся 398.3515625 293.5 563.3046875 328.5 
к 579.7890625 293.5 596.2890625 328.5 
третьей 612.78125 293.5 728.2421875 328.5 
стороне 744.734375 293.5 860.1953125 328.5 
с 876.6875 293.5 893.1875 328.5 
апелляцией. 909.671875 293.5 1091.1171875 328.5 
9
подтверждающие 1115.8515625 160 1346.7734375 195 
необходимость 522.0703125 195 736.5 230 
процедуры. 752.984375 195 917.9296875 230 
10
за 802.4609375 363.5 835.4609375 398.5 
пределами 851.9453125 363.5 1000.3984375 398.5 
нашей 1016.890625 363.5 1099.3671875 398.5 
программы 1115.8515625 363.5 1264.3046875 398.5 
