1
«Питание 695.25 398.5 827.2109375 433.5 
отключено». 843.6953125 398.5 1025.140625 433.5 
2
вашем 662.265625 363.5 744.7421875 398.5 
на 612.78125 363.5 645.78125 398.5 
eReader, 761.234375 363.5 893.1875 398.5 
3
что 992.1484375 195 1041.640625 230 
вы 1058.125 195 1091.1171875 230 
выбрали, 1107.609375 195 1239.5703125 230 
чтобы 1256.0546875 195 1338.53125 230 
его 1355.0234375 195 1404.5078125 230 
забрали 629.28125 230 744.7421875 265 
вы. 761.234375 230 810.71875 265 
4
для 1256.0546875 363.5 1305.5390625 398.5 
коммерциализации 431.3515625 398.5 695.2578125 433.5 
5
освобождены, 159.1953125 195 357.1328125 230 
чтобы 373.6171875 195 456.09375 230 
поддержать 472.5859375 195 637.53125 230 
6
Omicron 456.0859375 195 571.546875 230 
в 1132.34375 195 1148.84375 230 
тестах 1165.3359375 195 1264.3046875 230 
ПЦР, 1280.7890625 195 1346.7734375 230 
7
взаимодействие 365.3671875 195 596.2890625 230 
в 612.78125 195 629.28125 230 
чате 645.765625 195 711.75 230 
продолжить 860.1953125 230 1025.140625 265 
помогать 1041.6328125 230 1173.5859375 265 
8
обслуживание 703.5 363.5 901.4375 398.5 
курьерами, 917.9296875 363.5 1082.875 398.5 
разочаровывают, 324.140625 398.5 571.5546875 433.5 
не 687.0078125 398.5 720 433.5 
может 736.4921875 398.5 818.96875 433.5 
быть 835.453125 398.5 901.4375 433.5 
нашей 917.9296875 398.5 1000.40625 433.5 
виной. 1016.890625 398.5 1115.859375 433.5 
9
С 27.2421875 398.5 43.7421875 433.5 
единой 60.2265625 398.5 159.1953125 433.5 
панели 175.6875 398.5 274.65625 433.5 
мониторинга 291.1484375 398.5 472.5859375 433.5 
и 167.4375 433.5 183.9375 468.5 
даже 200.4296875 433.5 266.4140625 468.5 
отсканированных 645.7734375 433.5 893.1875 468.5 
10
то, 192.1875 230 241.671875 265 
что 258.1640625 230 307.6484375 265 
произошло, 324.140625 230 489.0859375 265 
а 505.5703125 230 522.0703125 265 
также 538.5625 230 621.0390625 265 
установить 637.5234375 230 802.4765625 265 
и 818.9609375 230 835.4609375 265 
проследить, 851.953125 230 1033.390625 265 
кто 1049.8828125 230 1099.3671875 265 
нанес 1115.859375 230 1198.3359375 265 
удар 1214.8203125 230 1280.8046875 265 
ножом 1297.2890625 230 1379.765625 265 
подростку. 637.5234375 265 802.46875 300 
