1
в 719.9921875 293.5 736.4921875 328.5 
своей 752.9765625 293.5 835.453125 328.5 
линии 851.9453125 293.5 934.421875 328.5 
работы. 950.90625 293.5 1066.375 328.5 
2
расстраивать. 1066.3671875 293.5 1280.796875 328.5 
3
Был 60.234375 363.5 109.71875 398.5 
недавний 126.2109375 363.5 258.1640625 398.5 
пациент, 274.65625 363.5 406.6171875 398.5 
процедуре 1066.375 363.5 1214.828125 398.5 
коленного 1231.3125 363.5 1379.765625 398.5 
сустава, 241.6640625 398.5 373.6171875 433.5 
4 
Одноранговый 431.3515625 160 629.28125 195 
узел 645.7734375 160 711.7578125 195 
потерпел 728.2421875 160 860.203125 195 
неудачу. 876.6875 160 1008.6484375 195 
5
не 522.0625 293.5 555.0625 328.5 
является 571.546875 293.5 703.5078125 328.5 
необходимым 719.9921875 293.5 901.4375 328.5 
с 917.921875 293.5 934.421875 328.5 
медицинской 950.9140625 293.5 1132.3515625 328.5 
точки 1148.84375 293.5 1231.3203125 328.5 
зрения. 1247.8046875 293.5 1363.2734375 328.5 
6
обращаемся 546.8046875 160 711.7578125 195 
с 728.2421875 160 744.7421875 195 
апелляцией. 761.234375 160 942.671875 195 
7
нет. 835.453125 293.5 901.4375 328.5 
8
Мы 456.09375 160 489.0859375 195 
обращаемся 505.5703125 160 670.5234375 195 
к 687.0078125 160 703.5078125 195 
третьей 720 160 835.4609375 195 
стороне. 851.953125 160 983.90625 195 
9
необходимость 522.0703125 195 736.5 230 
процедуры. 752.984375 195 917.9296875 230 
10
за 802.4609375 363.5 835.4609375 398.5 
пределами 851.9453125 363.5 1000.3984375 398.5 
нашей 1016.890625 363.5 1099.3671875 398.5 
программы 1115.8515625 363.5 1264.3046875 398.5
