1
относила 975.6484375 195 1107.609375 230 
2
государственным 472.578125 300 720 335 
обвинением 736.484375 300 901.4296875 335 
3
краской 818.9609375 363.5 934.421875 398.5 
из 950.9140625 363.5 983.90625 398.5 
баллончика, 1000.390625 363.5 1181.8359375 398.5 
сообщило 860.1875 398.5 992.1484375 433.5 
отделение 1008.640625 398.5 1157.09375 433.5 
в 1173.578125 398.5 1190.078125 433.5 
Окленде 1206.5703125 398.5 1322.03125 433.5 
в 1338.5234375 398.5 1355.0234375 433.5 
Твиттере. 645.7734375 433.5 794.2265625 468.5 
4
каждый 752.984375 195 851.953125 230 
год, 868.4453125 195 934.4296875 230 
как 530.3125 230 579.796875 265 
далеко 596.2890625 230 695.2578125 265 
5
определила 794.21875 230 959.1640625 265 
свои 975.6484375 230 1041.6328125 265 
трансферные 1058.125 230 1239.5625 265 
цели 1256.0546875 230 1322.03125 265 
список 1280.796875 265 1379.765625 300 
попаданий. 637.5234375 300 802.46875 335 
6
во 414.8515625 195 447.84375 230 
время 464.328125 195 546.8046875 230 
7
занятых 621.03125 195 736.4921875 230 
по 752.984375 195 785.9765625 230 
сокращенным 802.4609375 195 983.90625 230 
часам 1000.390625 195 1082.8671875 230 
8
дальнейший 1148.8359375 230 1313.7890625 265 
урон 1330.2734375 230 1396.2578125 265 
9
Ковид-19 472.578125 195 604.5390625 230 
10
над 851.9453125 433.5 901.4375 468.5 
проблемами, 917.921875 433.5 1099.3671875 468.5 
End 28 699.5 63.5859375 721.5 
