1
о 1165.3359375 160 1181.8359375 195 
карантине 1198.328125 160 1346.78125 195 
в 1363.265625 160 1379.765625 195 
Испании 662.265625 195 777.7265625 230 
2
карантина 1074.6171875 363.5 1223.0703125 398.5 
3
Министры 51.984375 195 183.9375 230 
объявили 200.4296875 195 332.390625 230 
в 348.875 195 365.375 230 
субботу, 381.8671875 195 513.8203125 230 
4
«коридора 505.5703125 230 654.0234375 265 
путешествий», 670.515625 230 884.9453125 265 
5
защищал 645.765625 398.5 761.234375 433.5 
6
мы 1041.6328125 363.5 1074.625 398.5 
приняли 1091.1171875 363.5 1206.578125 398.5 
решение 1223.0703125 363.5 1338.53125 398.5 
как 1355.0234375 363.5 1404.5078125 398.5 
можно 596.2890625 398.5 678.765625 433.5 
быстрее». 695.25 398.5 843.703125 433.5 
7
за 654.0234375 293.5 687.015625 328.5 
этот 703.5 293.5 769.484375 328.5 
поступок”, 785.9765625 293.5 950.921875 328.5 
8
действия, 1058.125 230 1206.578125 265 
где, 439.59375 300 505.5703125 335 
как 522.0625 300 571.546875 335 
мы 588.0390625 300 621.03125 335 
видим, 637.5234375 300 736.4921875 335 
мы 752.9765625 300 785.9765625 335 
9 
потенциально 1190.078125 195 1388.015625 230 
вторая 340.6328125 230 439.6015625 265 
волна 456.0859375 230 538.5625 265 
здесь, 555.0546875 230 654.0234375 265 
10
вынужденных 818.953125 293.5 1000.3984375 328.5 
находиться 1016.8828125 293.5 1181.8359375 328.5 
на 1198.3203125 293.5 1231.3125 328.5 
карантине 1247.8046875 293.5 1396.2578125 328.5 
