1
ударили 588.0390625 160 703.5078125 195 
нас 719.9921875 160 769.484375 195 
в 785.96875 160 802.46875 195 
ответ 818.9609375 160 901.4375 195 
2
это 785.96875 160 835.4609375 195 
не 851.9453125 160 884.9453125 195 
необходимо». 901.4296875 160 1099.3671875 195 
3
переворачивает 423.09375 293.5 654.0234375 328.5 
свое 670.5078125 293.5 736.4921875 328.5 
дерьмо 752.9765625 293.5 851.953125 328.5 
4
будешь 117.953125 363.5 216.921875 398.5 
чертовски 233.4140625 363.5 381.8671875 398.5 
говорить 398.3515625 363.5 530.3125 398.5 
мне, 546.8046875 363.5 612.78125 398.5 
5
нет. 761.2265625 160 827.2109375 195 
6
малыш 645.765625 293.5 728.2421875 328.5 
прикручен. 744.734375 293.5 909.6796875 328.5 
7
Другого 546.8046875 160 662.265625 195 
варианта 678.7578125 160 810.7109375 195 
8
как 546.8046875 195 596.296875 230 
правило, 612.78125 195 744.7421875 230 
ненавидится 761.2265625 195 942.671875 230 
страховкой, 959.15625 195 1140.6015625 230 
9
всегда 142.6953125 160 241.671875 195 
должны 258.15625 160 357.125 195 
бороться 373.6171875 160 505.578125 195 
10
Но 579.796875 160 612.7890625 195 
не 629.2734375 160 662.2734375 195 
в 678.7578125 160 695.2578125 195 
этот 711.75 160 777.7265625 195 
раз. 794.21875 160 860.203125 195 
