1
данных, 43.734375 433.5 159.1953125 468.5 
понять. 1280.7890625 433.5 1396.2578125 468.5 
2
смещена 736.4921875 503.5 851.953125 538.5 
против 868.4453125 503.5 967.4140625 538.5 
3
просматривает 538.5546875 195 752.984375 230 
или 1264.296875 230 1313.7890625 265 
нет. 1330.2734375 230 1396.2578125 265 
4
из 1148.84375 230 1181.8359375 265 
5
мы 588.046875 398.5 621.0390625 433.5 
еще 637.5234375 398.5 687.015625 433.5 
этого 703.5 398.5 785.9765625 433.5 
не 802.46875 398.5 835.4609375 433.5 
сделали. 851.953125 398.5 983.90625 433.5 
6
изобретен 604.28125 230 752.734375 265 
посмертном 356.8671875 300 521.8203125 335 
7
домах 1082.609375 265 1165.0859375 300 
вызваны 571.296875 265 686.7578125 300 
8
объединить 84.96875 265 249.9140625 300 
свои 266.3984375 265 332.3828125 300 
навыки 348.875 265 447.84375 300 
в 464.328125 265 480.828125 300 
разработке 497.3203125 265 662.265625 300 
9
приносим 744.734375 195 876.6953125 230 
свободу 893.1875 195 1008.6484375 230 
10
таким 843.703125 503.5 926.1796875 538.5 
образом. 942.6640625 503.5 1074.625 538.5 
