1
"Выключено". 761.2265625 230 959.1640625 265 
2
из 612.78125 195 645.78125 230 
электронной 761.234375 195 942.671875 230 
книги, 959.1640625 195 1058.1328125 230 
позже. 992.140625 230 1091.1171875 265 
3
для 1330.28125 363.5 1379.765625 398.5 
получения 596.2890625 398.5 744.7421875 433.5 
вами. 761.2265625 398.5 843.703125 433.5 
4
коммерциализации 431.3515625 398.5 695.2578125 433.5 
5
освобождены, 159.1953125 195 357.1328125 230 
6
имеет 456.09375 398.5 538.5703125 433.5 
7
общение 373.6171875 363.5 489.078125 398.5 
в 505.5703125 363.5 522.0703125 398.5 
чате 538.5546875 363.5 604.5390625 398.5 
закрыто, 719.9921875 363.5 851.953125 398.5 
будет 621.03125 363.5 703.5078125 398.5 
продолжить 761.2265625 398.5 926.1796875 433.5 
вам 942.6640625 398.5 992.15625 433.5 
помощь. 1008.640625 398.5 1124.109375 433.5 
8
с 472.5859375 363.5 489.0859375 398.5 
расчетом 505.5703125 363.5 637.53125 398.5 
на 654.0234375 363.5 687.015625 398.5 
обслуживание 703.5 363.5 901.4375 398.5 
разочаровывают, 324.140625 398.5 571.5546875 433.5 
не 687.0078125 398.5 720 433.5 
может 736.4921875 398.5 818.96875 433.5 
быть 835.453125 398.5 901.4375 433.5 
9
также 307.640625 230 390.1171875 265 
проверенных 769.4765625 230 950.9140625 265 
проанализированных 1115.8515625 230 1412.75 265 
загрузок. 645.7734375 265 794.2265625 300 
10
собирают 208.671875 398.5 340.6328125 433.5 
камеры 357.1171875 398.5 456.09375 433.5 
ударил 992.1484375 433.5 1091.1171875 468.5 
ножом. 1272.546875 433.5 1371.515625 468.5 
