1
ИИ 654.015625 398.5 687.0078125 433.5 
задача 703.5 398.5 802.46875 433.5 
за 818.953125 398.5 851.953125 433.5 
задачей, 868.4375 398.5 1000.3984375 433.5 
работая 274.6484375 398.5 390.1171875 433.5 
над 406.6015625 398.5 456.09375 433.5 
улучшением 472.578125 398.5 637.5234375 433.5 
набор 1016.8828125 398.5 1099.359375 433.5 
данных 1115.8515625 398.5 1214.8203125 433.5 
за 1231.3125 398.5 1264.3046875 433.5 
набором 1280.7890625 398.5 1396.2578125 433.5 
данных, 43.734375 433.5 159.1953125 468.5 
дыры 654.015625 433.5 720 468.5 
и 736.484375 433.5 752.984375 468.5 
слепые 769.4765625 433.5 868.4453125 468.5 
пятна 884.9296875 433.5 967.40625 468.5 
2
смещена 736.4921875 503.5 851.953125 538.5 
3
просматривает 538.5546875 195 752.984375 230 
можем 802.4609375 230 884.9375 265 
ли 901.4296875 230 934.421875 265 
мы 950.90625 230 983.90625 265 
получить 1000.390625 230 1132.3515625 265 
кредит 1148.8359375 230 1247.8125 265 
или 1264.296875 230 1313.7890625 265 
нет. 1330.2734375 230 1396.2578125 265 
4
вас 291.1484375 363.5 340.6328125 398.5 
всех 357.125 363.5 423.109375 398.5 
от 1148.84375 398.5 1181.8359375 433.5 
света. 1198.328125 398.5 1297.296875 433.5 
5
Однажды 35.4921875 363.5 150.953125 398.5 
мы 167.4453125 363.5 200.4375 398.5 
можем 216.921875 363.5 299.3984375 398.5 
увидеть 315.890625 363.5 431.3515625 398.5 
тень, 447.84375 363.5 530.3203125 398.5 
мы 588.046875 398.5 621.0390625 433.5 
еще 637.5234375 398.5 687.015625 433.5 
этого 703.5 398.5 785.9765625 433.5 
не 802.46875 398.5 835.4609375 433.5 
сделали. 851.953125 398.5 983.90625 433.5 
6
Прошли 26.9921875 230 125.9609375 265 
десятилетия, 142.4453125 230 340.3828125 265 
осознали, 1247.5546875 230 1396.0078125 265 
фактически, 1000.140625 265 1181.578125 300 
звезды 208.421875 300 307.390625 335 
в 323.8828125 300 340.3828125 335 
посмертном 356.8671875 300 521.8203125 335 
состоянии, 538.3046875 300 703.25 335 
своего 563.046875 335 662.015625 370 
жизненного 678.5078125 335 843.453125 370 
цикла. 859.9453125 335 958.9140625 370 
7
произошло 604.28125 300 752.734375 335 
доходов. 645.5234375 335 777.4765625 370 
8
и 513.8125 300 530.3125 335 
9
дарим 769.4765625 363.5 851.953125 398.5 
10
как 868.4453125 230 917.9296875 265 
будто 934.421875 230 1016.8984375 265 
