1
лекарств 744.734375 293.5 876.6953125 328.5 
против 893.1875 293.5 992.15625 328.5 
2
тормозятся 1157.09375 230 1322.0390625 265 
США, 1338.5234375 230 1404.5078125 265 
3
программа 233.1640625 503.5 381.6171875 538.5 
испытаний 398.109375 503.5 546.5625 538.5 
по 563.046875 503.5 596.046875 538.5 
выздоровлению, 612.53125 503.5 843.453125 538.5 
4
означает, 1256.0546875 230 1404.5078125 265 
одобрены 1074.6171875 265 1206.5703125 300 
5
выздоравливающих 365.375 230 629.28125 265 
рандомизированном 810.7109375 300 1091.1171875 335 
6
получили 480.828125 230 612.7890625 265 
реконвалесцентную 629.2734375 230 909.6796875 265 
плазму 926.171875 230 1025.140625 265 
в 1041.625 230 1058.125 265 
США, 1074.6171875 230 1140.6015625 265 
программы 612.78125 300 761.234375 335 
восстановления. 777.71875 300 1025.140625 335 
7
выздоравливающую 455.828125 265 719.7421875 300 
плазму 736.234375 265 835.203125 300 
крупномасштабных 777.46875 335 1041.3828125 370 
лекарств. 1057.8671875 335 1206.3203125 370 
испытания. 1222.8125 335 1387.7578125 370 
8
не 134.453125 363.5 167.4453125 398.5 
удается 183.9375 363.5 299.3984375 398.5 
провести 315.890625 363.5 447.8515625 398.5 
9
- 678.7578125 328.5 695.2578125 363.5 
10
бессознательные 258.15625 160 505.578125 195 
омрачить 1000.390625 160 1132.3515625 195 
