1
Шапка 480.828125 293.5 563.3046875 328.5 
парасоль 612.78125 293.5 744.734375 328.5 
насторожить! 761.2265625 293.5 959.1640625 328.5 
2
состоится 851.9453125 230 1000.3984375 265 
в 1016.890625 230 1033.390625 265 
следующем 1049.875 230 1198.328125 265 
месяце 1214.8203125 230 1313.7890625 265 
на 1330.28125 230 1363.2734375 265 
телеканале 596.2890625 265 761.234375 300 
HBO. 777.71875 265 843.703125 300 
3
обществом 703.5 503.5 851.953125 538.5 
старых 868.4375 503.5 967.4140625 538.5 
денег. 983.8984375 503.5 1082.8671875 538.5 
4
среди 555.0546875 398.5 637.53125 433.5 
многих 654.015625 398.5 752.984375 433.5 
других. 769.4765625 398.5 884.9375 433.5 
5
веселье 612.78125 160 728.2421875 195 
6
среди 167.4375 468.5 249.9140625 503.5 
предыдущих 266.3984375 468.5 431.3515625 503.5 
работ 447.8359375 468.5 530.3125 503.5 
которой 546.8046875 468.5 662.265625 503.5 
7
начинает 497.3203125 160 629.28125 195 
транслироваться 645.7734375 160 893.1875 195 
8
жалуется 282.8984375 328.5 414.859375 363.5 
9
в 51.984375 433.5 68.484375 468.5 
субботу 84.96875 433.5 200.4375 468.5 
после 216.921875 433.5 299.3984375 468.5 
решения 315.890625 433.5 431.3515625 468.5 
проблемы 447.84375 433.5 579.796875 468.5 
смертельных 596.2890625 433.5 777.7265625 468.5 
торнадо, 794.21875 433.5 926.1796875 468.5 
10
все 489.0703125 160 538.5625 195 
более 555.046875 160 637.5234375 195 
интенсивно, 654.015625 160 835.453125 195 
End 28 489.5 63.5859375 511.5 
