1
поразила 621.03125 160 752.984375 195 
2 
от 464.3359375 398.5 497.328125 433.5 
которой 513.8203125 398.5 629.28125 433.5 
заболели 645.7734375 398.5 777.7265625 433.5 
3
обновления 472.5859375 230 637.53125 265 
вспышки 654.015625 230 769.484375 265 
4
инкубационный 950.9140625 433.5 1165.34375 468.5 
период 1181.828125 433.5 1280.8046875 468.5 
которого 1297.2890625 433.5 1429.25 468.5 
5
погибших 1173.578125 363.5 1305.5390625 398.5 
6
не 975.6484375 195 1008.640625 230 
был 1025.1328125 195 1074.6171875 230 
идентифицирован. 1091.109375 195 1355.0234375 230 
7
Он 76.7265625 363.5 109.71875 398.5 
которые 1107.6015625 398.5 1223.0703125 433.5 
могли 1239.5546875 398.5 1322.03125 433.5 
бы 1338.5234375 398.5 1371.515625 433.5 
продавать 472.5859375 433.5 621.0390625 468.5 
зараженные 637.5234375 433.5 802.46875 468.5 
продукты. 818.9609375 433.5 967.4140625 468.5 
8
В 18.9921875 195 35.4921875 230 
Орегоне 51.9765625 195 167.4453125 230 
было 183.9296875 195 249.9140625 230 
зарегистрировано 266.3984375 195 530.3125 230 
зарегистрировано 266.3984375 195 530.3125 230 
больше 546.8046875 195 645.7734375 230 
всего 662.2578125 195 744.734375 230 
случаев 761.2265625 195 876.6875 230 
сальмонеллеза-51 893.1796875 195 1157.09375 230 
9
инфекций, 670.515625 433.5 818.96875 468.5 
10
частыми 175.6875 398.5 291.1484375 433.5 
